% f evaluations | g evaluations | best noise-free fitness - Fopt (1.238300000000e+02) + sum g_i+ | measured fitness | best measured fitness or single-digit g-values | x1 | x2...
1 0 +1.667165871e+05 +1.668404171e+05 +1.668404171e+05 -4.7475e+00 -2.9052e+00 +1.6211e+00 -2.4203e+00 +1.6693e+00 -3.0679e+00 -3.3116e+00 +4.8268e+00 +1.4137e+00 +1.0959e+00 +1.3029e+00 +1.2765e+00 -5.7656e-01 -2.4423e+00 -1.9672e-01 -2.5379e+00 -2.7184e+00 +7.5153e-01 +2.6064e+00 -8.1736e-01
2 0 +1.149576195e+05 +1.150814495e+05 +1.150814495e+05 -2.5537e+00 -2.7222e+00 -5.2858e-01 +2.0806e-01 +2.4705e+00 -2.9628e+00 +3.4433e+00 -7.2884e-01 +2.6963e+00 -2.6477e+00 -2.5075e-02 +2.3227e+00 -4.0703e-01 +3.6192e+00 +2.3527e+00 -3.7137e+00 -7.2890e-01 +2.0743e+00 +2.0510e+00 +1.2183e+00
3 0 +1.019395023e+05 +1.020633323e+05 +1.020633323e+05 -2.5328e+00 -2.5748e+00 +7.4243e-02 -3.5377e-01 +2.1471e+00 -3.2394e+00 +3.4651e+00 -1.2546e+00 +2.4328e+00 -2.7997e+00 +6.1112e-02 +2.1018e+00 -7.9036e-01 +3.4383e+00 +2.3026e+00 -3.6225e+00 -3.0571e-01 +1.7068e+00 +1.8325e+00 +1.8914e+00
6 0 +6.489135790e+04 +6.501518790e+04 +6.501518790e+04 -2.1994e+00 +6.2514e-01 +2.4371e+00 +3.8140e+00 -3.2249e+00 +5.2787e-01 -1.0961e+00 +5.6642e-01 -3.0500e-01 -1.9633e+00 +4.4282e-01 +1.5414e+00 +3.9222e+00 -2.3050e+00 +1.7620e+00 -1.6834e-01 -2.7032e+00 -1.6418e+00 -3.9605e-01 +6.6041e-01
52 0 +4.625499680e+04 +4.637882680e+04 +4.637882680e+04 -3.9559e+00 -1.5990e+00 +2.1190e-01 -1.2908e+00 +5.9742e-01 -1.9320e+00 -1.6513e+00 +3.6749e+00 +9.8540e-01 +5.0413e-01 +1.0223e+00 +1.8148e+00 -4.9169e-01 -1.2283e+00 -8.7610e-01 -1.5486e+00 -1.0323e+00 +7.4245e-02 +2.8216e+00 +3.5224e-01
56 0 +3.333876021e+04 +3.346259021e+04 +3.346259021e+04 -1.8953e+00 -9.6830e-02 +4.8094e-01 +1.4293e+00 -2.1056e-01 -3.5792e-01 -9.8442e-01 -9.9409e-01 +1.9799e+00 -1.4512e-01 -2.4424e+00 +1.5119e+00 +1.3019e+00 +5.3818e-01 -2.3091e+00 +2.7420e+00 -2.6034e+00 -3.1987e-01 +3.7924e+00 +1.7327e+00
106 0 +1.854456644e+04 +1.866839644e+04 +1.866839644e+04 -1.9943e+00 -1.1037e+00 +3.5164e-01 +1.0493e+00 +3.6982e-01 -1.0872e+00 +4.9830e-01 -8.4311e-01 +1.8597e+00 -1.2663e+00 -1.5409e+00 +1.3693e+00 +8.0627e-01 +1.7227e+00 -8.2699e-01 +4.5295e-01 -1.8197e+00 +6.8922e-02 +2.7566e+00 +1.5762e+00
159 0 +1.658155102e+04 +1.670538102e+04 +1.670538102e+04 -1.2714e+00 -9.2532e-01 +2.1545e-01 +3.3881e-01 +8.3086e-01 -1.7892e+00 +1.7919e+00 -7.0561e-01 +2.0500e+00 -1.3833e+00 -1.2597e+00 +5.0066e-01 +8.1774e-02 +2.1868e+00 -7.5025e-01 +1.3831e-01 -1.2718e+00 +1.0603e-01 +2.6112e+00 +9.0457e-01
204 0 +1.533180991e+04 +1.545563991e+04 +1.545563991e+04 -1.9493e+00 -7.9088e-01 -8.2526e-01 -7.5399e-01 +7.9105e-01 -9.6978e-01 +6.7640e-01 +2.2946e+00 +1.5910e+00 -1.7037e+00 -4.0518e-01 +2.3921e+00 -8.7568e-01 +1.3354e+00 -3.5632e-01 -1.5656e+00 +3.8170e-01 +2.6314e-01 +2.4560e+00 +1.3956e+00
254 0 +1.413351388e+04 +1.425734388e+04 +1.425734388e+04 -1.5586e+00 -1.7032e+00 +4.9591e-01 +4.8417e-01 -7.6091e-01 -1.9275e-01 -7.0456e-01 +2.9363e+00 -3.9550e-01 -3.3806e-01 +5.6823e-01 +7.1212e-01 +1.3793e+00 -1.9006e-01 -7.2020e-01 -1.4223e+00 -1.0050e+00 -1.4907e+00 +1.3476e+00 -1.2216e-01
255 0 +1.367960680e+04 +1.380343680e+04 +1.380343680e+04 -9.1275e-01 -1.9180e+00 +7.6119e-01 +1.1364e+00 -1.1774e+00 +2.2578e-01 -3.8165e-01 +2.5157e+00 -1.0196e+00 -3.8239e-01 +5.7676e-01 +4.7137e-01 +2.1377e+00 -7.7949e-03 -5.2883e-01 -1.5030e+00 -1.0679e+00 -2.0451e+00 +7.4784e-01 -5.0296e-01
408 0 +9.893777688e+03 +1.001760769e+04 +1.001760769e+04 -2.6588e+00 -1.3575e+00 -4.9147e-01 -1.0561e-01 +2.9574e-01 +2.7990e-01 -9.7288e-01 +3.0214e+00 +1.0295e-01 -6.9605e-01 -1.1632e-01 +4.2724e-01 -5.9858e-01 -8.2603e-01 +1.8238e-02 -4.3618e-01 -2.0144e+00 +2.8168e-01 +1.7703e-02 -6.8607e-01
452 0 +3.709430164e+03 +3.833260164e+03 +3.833260164e+03 -2.0292e+00 -9.5054e-01 -6.5342e-01 +3.8546e-01 -3.4831e-01 +8.0012e-01 -2.6507e-02 +2.2242e+00 -4.9934e-01 -2.5839e-01 +2.9009e-01 +6.2772e-01 -1.5307e-01 -1.1751e+00 +6.9964e-01 -2.9169e-01 -1.9155e+00 +1.3299e-01 -2.2904e-01 -2.9132e-01
% f evaluations | g evaluations | best noise-free fitness - Fopt (4.751000000000e+01) + sum g_i+ | measured fitness | best measured fitness or single-digit g-values | x1 | x2...
1 0 +8.023972915e+04 +8.028723915e+04 +8.028723915e+04 +4.1989e+00 +2.9110e+00 +2.2679e+00 +4.0603e-01 -4.1327e+00 -5.2126e-01 -2.1178e+00 +2.0135e+00 +1.5432e+00 -1.4318e+00 +7.6593e-01 -3.5728e-01 -2.3943e+00 +4.2640e+00 -1.9042e+00 -7.5818e-01 +4.3014e+00 -1.7336e+00 -1.6989e-01 -6.2426e-01
7 0 +5.027758029e+04 +5.032509029e+04 +5.032509029e+04 +3.8862e+00 +1.9913e+00 +1.1364e+00 +3.0930e-01 -3.6384e+00 -8.3754e-02 -1.7480e+00 +2.3578e+00 +1.7637e+00 -3.5620e-01 +9.2309e-01 -4.9861e-01 -1.3190e+00 +3.3345e+00 -9.9720e-01 -1.1017e+00 +3.4389e+00 -9.7354e-01 +5.8551e-01 -9.8874e-01
8 0 +4.545272241e+04 +4.550023241e+04 +4.550023241e+04 -2.3792e+00 +5.6049e-01 -2.0725e+00 -1.2739e+00 -2.3353e+00 -7.7880e-01 +9.1920e-01 -2.8342e+00 +1.5996e+00 -1.5119e+00 +5.2057e-01 +9.9877e-01 -3.9140e+00 +9.8669e-01 -1.2199e+00 -1.2407e+00 +2.0331e+00 -2.0811e+00 -1.7850e+00 +6.0951e-01
57 0 +4.141935813e+04 +4.146686813e+04 +4.146686813e+04 -5.9693e-01 +1.1956e+00 -1.1698e+00 -8.8224e-01 +3.5572e+00 -1.0225e+00 +2.2919e+00 +1.2130e+00 +1.3368e+00 +2.5294e+00 -1.0352e+00 -6.3018e-02 -1.1688e+00 -1.4177e-01 -6.8371e-02 +3.4073e-01 -6.6343e-01 -2.0036e-02 +3.2767e+00 -1.9060e+00
105 0 +3.491731256e+04 +3.496482256e+04 +3.496482256e+04 +3.1772e+00 +1.7979e+00 +2.1076e+00 +5.7669e-02 -3.0518e+00 -1.0614e+00 -9.9565e-01 +6.4905e-01 +1.5539e+00 -9.3239e-01 +8.0881e-01 +3.8905e-01 -2.4205e+00 +3.6363e+00 -1.2222e+00 -1.4039e+00 +4.1184e+00 -8.6153e-01 +1.3687e-02 -1.0299e+00
106 0 +2.992648688e+04 +2.997399688e+04 +2.997399688e+04 +1.3208e+00 +2.6561e+00 -1.6249e-01 -2.3860e-01 -4.1753e+00 -1.1680e-01 -1.4616e+00 +5.5004e-01 +1.5659e+00 -1.9961e+00 +5.7483e-01 -3.1794e-01 -3.2763e+00 +2.9529e+00 -2.2000e+00 -3.7907e-01 +3.1339e+00 -2.8432e+00 -1.3258e+00 +5.3322e-01
204 0 +1.595227456e+04 +1.599978456e+04 +1.599978456e+04 +1.5418e+00 +1.4064e+00 +1.0004e+00 -3.9221e-01 -1.4412e+00 -1.1737e+00 +7.5842e-01 +1.0674e+00 +1.8963e+00 +8.0988e-01 +1.3457e-01 +1.0797e+00 -2.0284e+00 +2.2646e+00 -1.0771e+00 -5.7397e-01 +2.1608e+00 -7.6187e-01 +8.9672e-01 -9.0875e-01
302 0 +6.546774247e+03 +6.594284247e+03 +6.594284247e+03 +2.0342e+00 +8.2573e-01 +7.2446e-01 -9.7798e-01 -1.7257e+00 +2.8422e-01 +1.1637e+00 -2.7230e-01 +1.0420e+00 +1.2386e+00 -3.2747e-02 -2.3276e-02 -8.8914e-01 +1.8775e+00 -1.0202e+00 -3.7156e-02 +2.0522e+00 -7.2806e-01 -4.9888e-01 -1.1581e+00
653 0 +5.022875963e+03 +5.070385963e+03 +5.070385963e+03 +2.1269e+00 -4.7775e-01 -8.4345e-01 -1.4100e+00 -1.4022e+00 +1.1390e+00 +4.5878e-01 +4.7047e-01 +1.0477e+00 +2.6207e+00 -6.0604e-01 -3.7980e-02 +5.1371e-01 +9.1708e-01 -4.2834e-01 +5.3375e-02 +1.0048e+00 -1.0337e+00 +6.1780e-01 -5.3881e-01
902 0 +3.559474962e+03 +3.606984962e+03 +3.606984962e+03 +1.5384e+00 +1.9252e-01 -2.7130e-01 -1.4162e+00 -1.0951e+00 +1.0711e+00 +6.6319e-01 -3.6298e-01 +9.0790e-01 +2.5155e+00 -3.3972e-01 -3.2954e-01 +3.9496e-01 +8.4848e-01 -6.7184e-01 +4.9023e-01 +8.6530e-01 -4.8519e-01 -6.8354e-01 -1.3019e+00
% f evaluations | g evaluations | best noise-free fitness - Fopt (5.534000000000e+01) + sum g_i+ | measured fitness | best measured fitness or single-digit g-values | x1 | x2...
1 0 +1.538666777e+05 +1.539220177e+05 +1.539220177e+05 -3.2219e+00 -3.6277e+00 -3.3400e+00 +4.9199e+00 -1.0193e+00 +2.5600e+00 -3.5785e+00 -1.6902e+00 +2.3973e-01 +2.4095e+00 -2.0427e+00 +1.7905e+00 +6.3308e-01 -1.4568e+00 -8.7127e-01 -1.8362e+00 +4.5809e-02 -3.6335e-01 -1.6607e+00 +1.8299e+00
2 0 +1.035652394e+05 +1.036205794e+05 +1.036205794e+05 -4.1568e-02 +2.3439e+00 -7.8500e-01 -1.1012e+00 -2.1494e+00 -1.9546e+00 +8.4102e-01 +2.9454e+00 +2.1410e+00 -3.8053e+00 -8.0305e-01 -1.7345e+00 -2.6431e+00 +2.0072e+00 -2.5294e+00 -1.5925e+00 -1.8847e+00 +1.5945e+00 -2.9622e+00 +1.5663e-01
4 0 +2.757366582e+04 +2.762900582e+04 +2.762900582e+04 -1.2872e+00 +9.9791e-02 -5.1483e-01 -3.0150e+00 -3.6647e-01 -3.4532e-01 +1.3860e+00 +1.7996e-01 -3.2791e+00 +3.9928e-01 +2.8880e+00 +1.0420e+00 -7.1012e-02 +1.3101e-01 +2.3520e+00 -1.8634e+00 -1.4448e+00 -5.7300e-01 +2.9681e+00 -5.4536e-01
8 0 +2.312182088e+04 +2.317716088e+04 +2.317716088e+04 -2.1506e+00 -2.9797e+00 -1.8318e+00 +2.6586e+00 -2.0711e+00 +1.9647e+00 -1.7763e+00 -5.6812e-01 -7.8213e-01 +1.4801e+00 -2.6612e-01 +1.2450e+00 +1.3657e+00 -3.3236e-01 -8.5692e-02 -1.6433e+00 -5.5099e-01 -3.4908e-01 -2.5244e-01 +1.3955e+00
9 0 +1.752279796e+04 +1.757813796e+04 +1.757813796e+04 -9.1788e-01 -2.2341e+00 -9.6411e-02 +5.6675e-02 -3.2814e+00 +1.2797e+00 +2.9733e-01 +7.2300e-01 -1.9579e+00 +4.1071e-01 +1.7781e+00 +6.1741e-01 +2.2087e+00 +9.6143e-01 +8.1822e-01 -1.4213e+00 -1.2377e+00 -3.3267e-01 +1.3680e+00 +8.9562e-01
104 0 +1.321701814e+04 +1.327235814e+04 +1.327235814e+04 -2.3836e+00 -1.5615e+00 -1.6585e+00 +2.0420e+00 -1.7779e+00 +2.0219e-02 +9.8816e-02 +5.7187e-01 +9.3170e-01 -1.3953e+00 -9.0272e-02 +8.3287e-01 -9.0619e-01 +6.1903e-01 -6.5906e-01 -1.6455e+00 +2.2253e-01 -7.4590e-01 -6.9333e-01 +2.6962e-01
105 0 +9.682895924e+03 +9.738235924e+03 +9.738235924e+03 -1.7997e+00 -3.7643e-01 -1.7799e+00 +2.6103e-01 -2.4736e+00 -1.3205e+00 -3.5984e-01 +1.8305e+00 +1.5253e+00 -2.3042e+00 +6.2886e-01 +9.9539e-01 -1.0524e+00 +9.4612e-01 -1.4004e+00 -6.6770e-01 -3.8489e-01 +7.6962e-02 -3.7129e-01 +2.3655e-01
154 0 +9.307452577e+03 +9.362792577e+03 +9.362792577e+03 -1.7844e+00 -3.7152e-01 -1.7422e+00 +3.3697e-01 -2.4179e+00 -1.2512e+00 -2.9445e-01 +1.7814e+00 +1.5050e+00 -2.2893e+00 +5.3725e-01 +9.0157e-01 -1.0909e+00 +9.5641e-01 -1.3865e+00 -7.6006e-01 -3.9110e-01 +6.9692e-02 -4.7201e-01 +2.3685e-01
205 0 +8.989147024e+03 +9.044487024e+03 +9.044487024e+03 -2.2100e+00 +8.6237e-01 -2.2914e+00 +1.2805e+00 -1.9491e+00 -1.4145e-01 +7.6023e-01 +1.6091e+00 +5.7207e-02 -1.8905e+00 +8.1353e-01 -2.6165e-01 -1.1637e+00 -2.2097e-01 -1.0534e+00 -1.3915e+00 -2.2609e-01 -3.9498e-01 +6.2581e-02 +1.7246e-02
210 0 +6.465401623e+03 +6.520741623e+03 +6.520741623e+03 -1.7844e+00 -3.7152e-01 -1.7422e+00 +3.3697e-01 -2.4179e+00 -1.2512e+00 -2.9445e-01 +1.7814e+00 +1.5050e+00 -8.0019e-02 +5.3725e-01 +9.0157e-01 -1.0909e+00 +9.5641e-01 -1.3865e+00 -7.6006e-01 -3.9110e-01 +6.9692e-02 -4.7201e-01 +2.3685e-01
1813 0 +5.534731357e+03 +5.590071357e+03 +5.590071357e+03 -1.4231e+00 -1.8036e+00 -9.5884e-01 +1.7235e+00 +1.7219e-01 +5.2528e-02 +4.7396e-01 -2.1582e-01 -7.5873e-01 -8.5065e-01 -1.0127e+00 -8.5949e-01 +5.7944e-03 +3.6680e-03 -6.5188e-01 -2.9274e-01 +1.0663e-01 -9.3662e-01 -1.5659e+00 -6.2428e-01
% f evaluations | g evaluations | best noise-free fitness - Fopt (-9.033000000000e+01) + sum g_i+ | measured fitness | best measured fitness or single-digit g-values | x1 | x2...
1 0 +2.478413826e+05 +2.477510526e+05 +2.477510526e+05 +1.1540e+00 -1.4948e-01 +2.6920e+00 -3.3507e+00 +2.3091e+00 -2.7973e-02 -5.1082e-02 -3.0832e+00 -2.6188e+00 -2.9798e-01 -4.8408e+00 -2.1373e+00 +3.1658e+00 +6.0870e-01 +2.3223e-01 -7.7256e-01 -8.5424e-01 -6.7621e-01 -4.7037e-01 -1.0218e+00
2 0 +6.815585233e+04 +6.806552233e+04 +6.806552233e+04 +3.7701e+00 +1.1175e+00 -3.1986e+00 -1.2429e+00 -2.9681e+00 -2.6809e-01 -1.4247e+00 -5.3371e-01 +1.5832e+00 -3.1547e-01 +5.5953e-02 +1.2289e+00 -4.3315e+00 -1.8777e+00 -9.5024e-01 -1.3957e+00 -3.9235e-01 +2.1684e+00 -6.8487e-01 +2.4698e+00
4 0 +3.135384217e+04 +3.126351217e+04 +3.126351217e+04 -4.8491e-01 +2.6932e+00 +3.9483e+00 +1.8469e+00 -3.2393e+00 -7.1752e-01 -2.0180e+00 -1.8630e+00 -9.3250e-01 -6.7465e-01 -1.4303e+00 +3.9361e-02 -1.7564e+00 -3.4562e-01 -2.8806e-02 +7.5340e-02 -3.8945e-02 +1.7614e+00 +8.5883e-01 -1.2381e+00
105 0 +1.778127103e+04 +1.769094103e+04 +1.769094103e+04 +2.3094e+00 +1.5431e+00 -1.7738e+00 -4.0850e-01 -1.7838e+00 +3.8120e-01 -2.4438e-01 +4.3726e-02 +1.1687e+00 +3.9992e-01 +6.8162e-01 +1.2908e+00 -3.7046e+00 -6.2002e-02 +2.5428e-01 -5.5218e-01 +3.5472e-01 +9.8810e-01 -2.6434e-01 +1.6224e+00
352 0 +1.076677925e+04 +1.067644925e+04 +1.067644925e+04 +9.1898e-01 +1.2142e+00 -3.8619e-01 +3.9634e-01 -2.4081e-01 -1.2393e+00 -6.3309e-01 -1.6861e+00 +8.0057e-01 -4.2522e-02 -9.4006e-02 +2.5396e-01 +7.0955e-01 +2.5701e+00 +9.4567e-01 +4.5890e-01 +9.7389e-01 -7.7679e-01 +7.4728e-01 -8.4243e-01
354 0 +1.006052910e+04 +9.970199100e+03 +9.970199100e+03 +4.1477e-01 +1.5549e+00 +8.7502e-02 +6.9259e-01 +5.2150e-02 -4.4004e-01 -4.4556e-01 -8.9313e-01 +6.6130e-01 +4.9547e-01 +4.9077e-01 +9.2751e-01 -6.9352e-02 +2.9681e+00 +1.4808e+00 +6.9957e-01 +1.2607e+00 -1.0180e+00 +7.3777e-01 -7.0503e-01
355 0 +9.920660099e+03 +9.830330099e+03 +9.830330099e+03 +5.5899e-01 +1.4575e+00 -4.7994e-02 +6.0785e-01 -3.1650e-02 -6.6865e-01 -4.9920e-01 -1.1199e+00 +7.0114e-01 +3.4158e-01 +3.2350e-01 +7.3485e-01 +1.5345e-01 +2.8543e+00 +1.3277e+00 +6.3073e-01 +1.1787e+00 -9.4902e-01 +7.4049e-01 -7.4433e-01
459 0 +5.218408592e+03 +5.128078592e+03 +5.128078592e+03 +2.4239e-01 +1.1581e+00 +5.6430e-01 -6.9669e-02 +4.5146e-01 -1.5162e-01 -1.7844e-01 -9.1070e-01 +6.8813e-02 +6.8010e-01 -3.4063e-01 +5.9702e-01 +1.6961e-01 +2.6771e+00 +1.2813e+00 +3.9974e-01 +9.6665e-01 -9.9723e-01 +3.1221e-01 -6.0626e-01
% f evaluations | g evaluations | best noise-free fitness - Fopt (6.561000000000e+01) + sum g_i+ | measured fitness | best measured fitness or single-digit g-values | x1 | x2...
1 0 +3.887609253e+05 +3.888265353e+05 +3.888265353e+05 -4.7596e+00 +3.6768e+00 +2.5259e+00 +3.9275e+00 -3.9374e+00 -1.7211e-01 -2.4301e-01 -4.1979e+00 +1.6503e+00 +2.9891e+00 -4.1871e-01 +1.6566e+00 +2.9038e-01 +4.7186e-01 -7.3774e-01 +1.2673e+00 -3.7802e+00 -5.3481e-01 -1.4475e+00 -1.2878e+00
2 0 +9.963968383e+04 +9.970529383e+04 +9.970529383e+04 -8.2733e-02 +1.1145e+00 -3.3245e+00 -3.5089e-01 -1.2281e+00 +3.5020e-01 -1.5025e+00 +1.8039e+00 +3.9511e+00 +1.8908e-01 +8.6094e-01 +2.9160e+00 +9.3439e-01 -1.8323e+00 -1.9175e-01 -3.5738e+00 -1.7811e+00 +1.5237e+00 -2.9780e+00 +2.7997e+00
5 0 +8.900434634e+04 +8.906995634e+04 +8.906995634e+04 -6.6664e-01 -1.5265e+00 +1.8702e+00 -3.3600e+00 -6.5726e-02 -3.1205e+00 -4.6793e+00 -6.1710e-01 -1.5217e+00 -9.5682e-01 -7.0737e-01 -1.7404e+00 -1.1897e+00 +3.5025e+00 +9.1173e-01 -1.2184e+00 -2.1131e+00 +2.7001e+00 -1.3396e+00 -1.4722e+00
6 0 +6.807724465e+04 +6.814285465e+04 +6.814285465e+04 +2.3728e+00 +2.4923e+00 +1.7134e+00 -2.7877e+00 -1.9863e+00 +1.6846e+00 +1.5999e+00 +7.5911e-01 -2.7856e+00 +3.1952e+00 -3.0591e-02 +9.1085e-02 -2.1464e+00 -2.9616e+00 -2.8534e+00 -3.3539e-01 -1.1021e+00 +8.9083e-02 -5.8325e-01 -7.8160e-01
106 0 +2.548525970e+04 +2.555086970e+04 +2.555086970e+04 -1.1349e+00 -2.1153e+00 +1.8051e+00 -2.2392e+00 +2.6903e+00 +2.0366e+00 +8.0303e-01 +2.1526e+00 +3.3899e-01 +2.4077e+00 -2.2610e+00 +9.5648e-01 -1.9256e+00 +1.9584e+00 -1.1970e+00 -6.8439e-01 -2.8240e+00 +9.5556e-01 +1.2237e+00 +1.5894e+00
153 0 +1.961359112e+04 +1.967920112e+04 +1.967920112e+04 -9.4689e-01 -2.1743e+00 +1.7960e+00 -2.3609e+00 +2.3035e+00 +1.7106e+00 +5.3999e-01 +1.6177e+00 +5.0845e-01 +2.4337e+00 -1.9532e+00 +8.3368e-01 -1.8327e+00 +1.7968e+00 -1.3357e+00 -7.1846e-01 -2.9099e+00 +1.2556e+00 +8.7606e-01 +1.4643e+00
% f evaluations | g evaluations | best noise-free fitness - Fopt (9.348200000000e+02) + sum g_i+ | measured fitness | best measured fitness or single-digit g-values | x1 | x2...
1 0 +1.783887535e+05 +1.793235735e+05 +1.793235735e+05 -4.2578e+00 -1.7880e+00 +4.7764e+00 +1.0947e+00 +9.5838e-01 -1.7153e+00 +9.0344e-01 -3.7583e+00 +2.6032e+00 +3.8536e+00 -2.6455e+00 -1.3417e+00 -3.1321e+00 +1.2628e+00 -1.9688e+00 +5.1279e-01 -2.7117e+00 -9.4395e-01 +1.7848e+00 +2.7502e+00
2 0 +7.799382626e+04 +7.892864626e+04 +7.892864626e+04 +2.1315e-01 -8.0424e-01 +2.4513e+00 -8.8311e-01 -4.3419e+00 -1.9964e+00 +2.0591e+00 +1.6888e+00 -3.8989e+00 +1.7713e+00 +7.9682e-01 +1.6196e+00 +1.1720e+00 +1.0277e+00 -1.5859e+00 +3.7372e+00 +5.7887e-01 -3.0533e+00 -1.8219e+00 -2.7791e+00
6 0 +3.762177306e+04 +3.855659306e+04 +3.855659306e+04 -1.6486e+00 +1.4641e+00 +2.7726e+00 +2.1250e+00 -2.2064e+00 -7.4589e-01 -1.9804e+00 -5.9378e-01 -3.8637e+00 -3.7749e-01 -3.1739e-01 -1.6032e+00 +9.4989e-01 +2.5939e-01 -2.9697e+00 +1.0168e+00 -2.0930e+00 +4.7907e-01 +4.4934e-02 +1.1817e+00
7 0 +3.391488174e+04 +3.484970174e+04 +3.484970174e+04 -1.2963e+00 +1.0572e+00 +2.6004e+00 +1.4622e+00 -2.5631e+00 -1.1629e+00 -1.4609e+00 -4.4210e-02 -3.7521e+00 -1.2862e-02 +6.8791e-01 -2.2172e+00 +9.0197e-02 +5.9340e-01 -3.3072e+00 +3.9802e-01 -1.9522e+00 +7.0512e-01 -8.9749e-02 +1.5021e+00
52 0 +1.922464004e+04 +2.015946004e+04 +2.015946004e+04 -6.8699e-01 -1.1801e+00 +6.4538e-01 -1.6884e+00 +7.7397e-01 -8.9038e-01 +3.9168e-01 -1.1461e+00 -1.5086e-01 +3.4591e+00 -1.9527e+00 +1.3392e+00 -8.4268e-01 -3.1848e-01 -1.8376e+00 +4.9507e-01 -1.1184e+00 +3.9243e-01 +2.8931e+00 +1.6208e+00
53 0 +1.872768985e+04 +1.966250985e+04 +1.966250985e+04 -7.9654e-01 -1.1838e+00 +7.8896e-01 -1.6100e+00 +7.5884e-01 -9.2977e-01 +4.4631e-01 -1.2251e+00 -3.8375e-02 +3.4451e+00 -1.9378e+00 +1.2517e+00 -9.4598e-01 -2.3638e-01 -1.8098e+00 +5.1389e-01 -1.1328e+00 +3.5405e-01 +2.8445e+00 +1.6498e+00
105 0 +1.202096544e+04 +1.295578544e+04 +1.295578544e+04 -9.7503e-01 -8.6235e-01 +1.6277e+00 -2.3120e-01 -3.3542e+00 +1.5333e+00 -3.5328e-01 +8.7656e-01 -2.3306e+00 -7.1660e-01 -1.0344e+00 -1.2306e+00 +8.5957e-02 +3.5015e-02 -2.6962e+00 +9.6996e-01 -2.3462e-01 -7.2692e-01 -1.3238e+00 +7.3395e-01
109 0 +8.790114164e+03 +9.724934164e+03 +9.724934164e+03 -4.6235e-01 -6.6915e-01 +9.5187e-01 -1.0556e+00 +2.4426e-01 -7.2633e-01 +7.5034e-01 -9.0551e-01 -1.3832e-01 +2.7940e+00 -1.7356e+00 +9.5015e-01 -8.5935e-01 -2.4902e-01 -1.6592e+00 +3.5095e-01 -1.5333e+00 +2.0871e-01 +2.3662e+00 +1.0726e+00
304 0 +6.720952266e+03 +7.655772266e+03 +7.655772266e+03 +5.0698e-01 -1.2614e+00 +1.4627e+00 +2.1205e-01 -8.1193e-01 -4.8830e-01 +1.5533e+00 -1.1232e+00 -4.3678e-01 +1.7028e+00 -1.8568e+00 -2.6626e-01 -4.5483e-01 -3.4056e-01 -1.8587e-01 +5.8720e-02 -1.0356e+00 +3.1711e-01 +1.6951e+00 +1.9251e-01
352 0 +3.216520580e+03 +4.151340580e+03 +4.151340580e+03 +7.5331e-02 -1.1265e+00 +1.6176e+00 +2.3934e-01 -1.8820e+00 +2.8022e-01 +9.8398e-01 -3.9716e-01 -1.1552e+00 +6.5921e-01 -1.5542e+00 -7.6624e-01 -2.1119e-01 -2.1679e-01 -9.1851e-01 +3.3837e-01 -7.3905e-01 -6.0277e-02 +4.9742e-01 +2.3757e-01
403 0 +2.889764085e+03 +3.824584085e+03 +3.824584085e+03 -8.8559e-02 -1.1079e+00 +1.8206e+00 +3.3914e-01 -1.7509e+00 +1.4914e-01 +1.1287e+00 -4.0910e-01 -8.6301e-01 +7.5508e-01 -1.5179e+00 -7.9334e-01 -3.8958e-01 -1.0382e-01 -8.4724e-01 +3.6968e-01 -8.3061e-01 -1.0637e-01 +5.2823e-01 +2.6567e-01
% f evaluations | g evaluations | best noise-free fitness - Fopt (-6.371000000000e+01) + sum g_i+ | measured fitness | best measured fitness or single-digit g-values | x1 | x2...
1 0 +1.531152473e+05 +1.530515373e+05 +1.530515373e+05 -8.2420e-01 +8.7259e-01 +1.5485e+00 +2.8404e+00 +2.8594e+00 +9.3735e-01 -1.8369e+00 +3.4431e+00 -3.4419e+00 -8.5509e-01 -2.5478e+00 +1.1381e+00 +1.4074e+00 +3.2352e+00 -1.3348e+00 +3.7479e+00 -1.2443e-01 +1.3798e+00 -3.3644e-01 -4.1718e+00
2 0 +6.152639922e+04 +6.146268922e+04 +6.146268922e+04 +1.8204e+00 +1.5239e+00 -2.0817e+00 -1.1609e+00 -6.9715e-01 -2.5071e+00 -9.0225e-01 +6.6085e-03 +6.6826e-01 -4.5325e+00 -2.9015e+00 -1.7001e+00 -2.9027e+00 -7.0361e-01 -7.5825e-01 +2.2122e+00 +1.9520e+00 -1.6322e+00 -1.8636e+00 -9.2102e-02
3 0 +5.953264546e+04 +5.946893546e+04 +5.946893546e+04 +1.8246e+00 +4.6827e-01 +2.9963e+00 -1.9149e+00 -2.4996e+00 -8.3402e-01 -7.1408e-01 +2.5034e+00 +5.4717e-01 -3.2775e+00 -2.0777e-01 +2.6205e+00 -8.1371e-02 +2.0458e+00 -6.2530e-01 -1.8927e-01 -3.3635e+00 -3.5049e+00 +2.8694e-01 +8.4689e-01
52 0 +5.709155331e+04 +5.702784331e+04 +5.702784331e+04 +1.6086e+00 -2.2305e+00 +1.2889e+00 +1.5970e+00 -3.7018e+00 -2.5576e-01 +2.4574e+00 +2.7510e+00 -2.9900e+00 -8.1595e-01 -3.1745e+00 -1.9291e+00 +9.7813e-01 -1.3273e-01 -1.6409e+00 -2.0664e+00 +8.9606e-01 +1.0789e-01 +4.6925e-01 -7.2750e-01
53 0 +5.156725460e+04 +5.150354460e+04 +5.150354460e+04 +1.7942e+00 -2.4169e+00 +1.3825e+00 +1.6677e+00 -3.6473e+00 -2.0706e-01 +2.3357e+00 +2.7143e+00 -2.8225e+00 -9.9883e-01 -3.1007e+00 -1.8495e+00 +6.5892e-01 -3.4347e-01 -1.2997e+00 -1.9166e+00 +5.3540e-01 +2.4238e-02 +2.3978e-01 -5.0510e-01
58 0 +3.096716192e+04 +3.090345192e+04 +3.090345192e+04 +1.7083e+00 -3.2868e+00 +2.9523e+00 +1.8406e+00 -4.4872e-01 +8.4802e-01 +3.5477e-02 +2.7279e+00 -1.9218e-01 -9.7746e-01 +1.3614e-01 -9.7650e-01 -2.0165e+00 +1.1772e-01 -2.2577e-01 +7.9351e-01 -1.3419e+00 -1.1904e-01 -1.4894e+00 +2.1764e-01
59 0 +3.088797600e+04 +3.082426600e+04 +3.082426600e+04 +1.1550e+00 -3.0197e+00 +3.1598e+00 +1.6921e+00 +3.6075e-01 +1.0278e+00 -3.1244e-01 +2.8362e+00 +1.2493e-01 -4.5148e-01 +9.0232e-01 -9.3952e-01 -1.9163e+00 +8.5547e-01 -8.7121e-01 +1.1850e+00 -8.8331e-01 +7.5405e-02 -1.3589e+00 -1.9628e-01
104 0 +1.493996211e+04 +1.487625211e+04 +1.487625211e+04 +1.7175e+00 +3.5855e-01 +1.5533e+00 -1.0739e+00 -1.1480e+00 +1.0878e+00 +1.8736e-01 +5.9809e-01 +1.5983e+00 -2.2095e-01 -1.1138e+00 -1.1927e+00 -1.7776e+00 -1.3204e+00 -1.7664e+00 -1.2413e-01 +1.2989e+00 +9.0834e-01 -1.9214e-01 -1.0143e+00
105 0 +9.066531395e+03 +9.002821395e+03 +9.002821395e+03 +1.5338e+00 -7.4491e-01 +2.0780e+00 -1.7041e-01 -6.5521e-01 +1.0682e+00 +2.4102e-02 +1.3291e+00 +1.1171e+00 -2.9625e-01 -4.5528e-01 -1.1100e+00 -1.8229e+00 -6.0971e-01 -1.4740e+00 +3.0349e-01 +5.8608e-01 +6.3627e-01 -5.7326e-01 -7.4710e-01
156 0 +7.081112192e+03 +7.017402192e+03 +7.017402192e+03 +1.3436e+00 -6.1446e-01 +2.0353e+00 +7.2410e-02 -3.7177e-01 +1.0576e+00 -1.2598e-01 +1.4996e+00 +7.4940e-01 -3.4132e-01 -6.2404e-01 -9.2872e-01 -1.5624e+00 -2.9963e-01 -1.4628e+00 +5.8127e-01 +5.2878e-01 +6.9624e-01 -5.5416e-01 -1.0233e+00
609 0 +6.673969857e+03 +6.610259857e+03 +6.610259857e+03 -1.6908e+00 +2.5832e-01 -2.6012e-01 +1.1453e+00 -1.0463e+00 +6.2302e-01 +6.4773e-01 +2.2808e-01 -6.3193e-01 -6.3491e-01 +1.1159e+00 -9.0717e-01 +1.7168e+00 +1.5220e+00 +6.6394e-01 +1.3502e+00 +9.8227e-01 -2.3998e-01 -9.3556e-02 -1.1299e+00
% f evaluations | g evaluations | best noise-free fitness - Fopt (1.000000000000e+03) + sum g_i+ | measured fitness | best measured fitness or single-digit g-values | x1 | x2...
1 0 +1.455741961e+05 +1.465741961e+05 +1.465741961e+05 +3.3129e+00 +3.1934e+00 -1.3468e+00 +2.6225e+00 +4.5188e+00 -5.5598e-01 +9.9966e-01 -3.4864e+00 +5.0950e-01 -1.3519e+00 -2.6224e+00 -1.1584e+00 -1.9901e+00 -6.9253e-01 -4.4911e-01 +1.0406e+00 -2.7922e+00 +4.2599e-01 -2.2796e+00 -2.7839e+00
3 0 +1.196037191e+05 +1.206037191e+05 +1.206037191e+05 +2.0619e+00 -3.3088e+00 -1.6200e+00 +1.7495e+00 +7.2952e-02 -3.6546e+00 -1.2963e+00 +4.7424e-02 -1.3824e+00 -2.1252e+00 +1.2906e+00 +1.7950e+00 -1.8969e+00 +6.4865e-01 +9.4435e-01 +4.2646e-01 -2.4493e+00 -3.2927e+00 +2.5734e+00 +8.0367e-01
4 0 +8.559061455e+04 +8.659061455e+04 +8.659061455e+04 +3.3153e+00 +3.5489e+00 +2.7821e+00 -3.9741e-01 -1.6996e+00 +8.5994e-01 +1.5303e+00 +1.0052e+00 -6.3801e-01 +6.7909e-02 +1.9469e+00 +1.1404e+00 -2.2260e+00 +1.3359e+00 +8.7170e-01 +1.7277e+00 +3.1718e+00 +1.0592e-01 -2.3611e+00 +1.6969e+00
5 0 +5.526314002e+04 +5.626314002e+04 +5.626314002e+04 +3.8026e+00 -9.8431e-01 -1.1211e+00 -7.2762e-01 +1.9875e+00 -1.5970e-01 -2.7017e+00 +2.6730e+00 -3.7155e+00 +2.8061e+00 +2.0522e+00 +5.4021e-01 -1.7207e+00 +1.6989e+00 +2.5791e-01 +8.2948e-01 -4.2681e-03 -2.5933e+00 +6.2167e-01 +3.8597e+00
106 0 +2.838907647e+04 +2.938907647e+04 +2.938907647e+04 +3.5411e+00 +1.2066e+00 -1.6789e+00 +1.3794e+00 +3.9965e+00 -5.2109e-01 -7.8346e-01 -1.0885e+00 -1.3402e+00 +4.3765e-01 -9.2550e-01 -6.0943e-01 -1.8394e+00 +2.0833e-01 -2.5916e-01 +8.6928e-01 -2.1233e+00 -9.4879e-01 -9.1735e-01 -1.5891e-01
107 0 +2.594818797e+04 +2.694818797e+04 +2.694818797e+04 +3.7175e+00 -3.2915e-01 -1.9356e+00 +4.1850e-01 +3.5928e+00 -4.9411e-01 -2.1618e+00 +7.6497e-01 -2.7699e+00 +1.8209e+00 +3.8618e-01 -1.8509e-01 -1.7229e+00 +9.0466e-01 -1.1234e-01 +7.3690e-01 -1.6062e+00 -2.0115e+00 +1.3562e-01 +1.8701e+00
156 0 +1.994515086e+04 +2.094515086e+04 +2.094515086e+04 +3.7557e+00 -4.4252e-01 -2.0491e+00 +2.3074e-01 +3.1032e+00 -5.7136e-01 -2.2668e+00 +1.0422e+00 -2.6551e+00 +1.5671e+00 +2.6700e-01 +3.2107e-02 -1.3130e+00 +8.7222e-01 +1.5826e-01 +4.9156e-01 -1.4642e+00 -1.5606e+00 +1.6967e-02 +1.7173e+00
204 0 +1.847838970e+04 +1.947838970e+04 +1.947838970e+04 +3.7695e+00 -4.8328e-01 -2.0900e+00 +1.6324e-01 +2.9271e+00 -5.9913e-01 -2.3046e+00 +1.1419e+00 -2.6138e+00 +1.4759e+00 +2.2414e-01 +1.1020e-01 -1.1656e+00 +8.6056e-01 +2.5555e-01 +4.0335e-01 -1.4131e+00 -1.3985e+00 -2.5694e-02 +1.6623e+00
306 0 +1.512589410e+04 +1.612589410e+04 +1.612589410e+04 +2.4310e+00 +1.5793e+00 -1.8213e+00 +1.2031e+00 +5.8288e-01 -4.7908e-01 -5.6955e-01 +7.0874e-01 -7.0773e-01 -1.3182e+00 -6.5022e-01 +5.8220e-01 -6.1208e-01 +1.1547e-01 +3.7516e-01 +1.3289e-01 -1.0246e+00 +1.5150e+00 -1.4785e+00 -1.5286e+00
413 0 +1.461106717e+04 +1.561106717e+04 +1.561106717e+04 +2.4310e+00 +1.5793e+00 -1.8213e+00 +1.2031e+00 +5.8288e-01 -4.7908e-01 -5.6955e-01 +7.0874e-01 -7.0773e-01 -1.3182e+00 -6.5022e-01 +5.8220e-01 -3.7735e-01 +1.1547e-01 +3.7516e-01 +1.3289e-01 -1.0246e+00 +1.5150e+00 -1.4785e+00 -1.5286e+00
455 0 +8.142189948e+03 +9.142189948e+03 +9.142189948e+03 +1.8894e+00 +5.4878e-01 -1.5191e+00 +4.6532e-01 -2.4887e-01 -6.0691e-01 -6.4202e-01 +3.3293e-01 -5.4688e-01 -6.7691e-01 -1.0537e+00 +3.5813e-02 -3.6112e-01 +2.3654e-01 +2.7079e-01 -3.8407e-01 -1.0725e+00 +1.3651e+00 -5.7492e-01 -9.7473e-01
502 0 +7.036567714e+03 +8.036567714e+03 +8.036567714e+03 +1.7513e+00 +6.0544e-01 -1.5421e+00 +4.0360e-01 -1.3671e-01 -6.0057e-01 -5.2693e-01 +3.9151e-01 -5.0398e-01 -6.7430e-01 -1.0091e+00 +3.8505e-02 -2.4349e-01 +1.4454e-01 +3.4744e-01 -3.5392e-01 -1.0600e+00 +1.1912e+00 -5.0919e-01 -1.0448e+00
759 0 +5.072658721e+03 +6.072658721e+03 +6.072658721e+03 +3.9346e-01 +3.8112e-01 -1.2169e+00 -4.2781e-01 +1.0603e+00 -7.0146e-01 +7.6541e-01 -1.1158e+00 +3.5120e-01 +5.4351e-02 -1.7753e+00 -1.1308e+00 +1.0647e-01 -6.0867e-01 +5.2514e-01 -4.2636e-01 -1.5998e+00 -6.4346e-01 +7.2796e-01 -1.3616e+00
855 0 +3.485284562e+03 +4.485284562e+03 +4.485284562e+03 -2.7379e-01 +4.8962e-01 -4.8742e-01 -7.5424e-01 +1.2722e+00 -4.0003e-01 +9.6023e-01 -3.5962e-02 +1.7946e-01 -1.9853e-01 -1.0037e+00 -7.5055e-01 +5.8267e-01 -9.6778e-01 +9.2360e-01 -4.4281e-01 -1.1772e+00 -1.2545e+00 +6.9858e-01 -1.8077e+00
907 0 +3.032071647e+03 +4.032071647e+03 +4.032071647e+03 -1.5290e-02 +5.4844e-01 -5.4219e-01 -5.6056e-01 +1.3475e+00 -4.3563e-01 +9.0178e-01 -3.2929e-01 +1.9932e-01 -2.1266e-01 -1.1797e+00 -8.3037e-01 +3.6552e-01 -8.9218e-01 +7.8752e-01 -4.0299e-01 -1.2990e+00 -1.0677e+00 +5.6316e-01 -1.7779e+00
% f evaluations | g evaluations | best noise-free fitness - Fopt (3.197000000000e+01) + sum g_i+ | measured fitness | best measured fitness or single-digit g-values | x1 | x2...
1 0 +7.457250614e+04 +7.460447614e+04 +7.460447614e+04 -2.0978e+00 -1.8172e+00 -7.6064e-02 -5.8715e-01 -4.2646e+00 -3.2954e+00 +3.5667e+00 +1.1039e+00 -2.6585e+00 -7.1484e-01 +2.9334e-01 -4.3932e-01 +2.6549e-01 -3.5346e+00 -1.0161e+00 -2.1016e+00 -2.6505e+00 +1.7101e+00 +1.7998e+00 +8.8636e-01
4 0 +6.009922741e+04 +6.013119741e+04 +6.013119741e+04 +2.4039e-02 +1.5153e+00 +1.5176e+00 -6.4367e-01 +3.6569e-02 +1.1372e+00 -2.4028e+00 +9.7340e-01 -1.6153e+00 -6.0857e-01 -3.0683e+00 +3.2272e+00 -9.2833e-01 -2.7238e-01 -2.3835e+00 +5.4788e-01 -3.4946e+00 +3.2704e+00 +4.8756e-01 -3.9661e-01
5 0 +4.789970583e+04 +4.793167583e+04 +4.793167583e+04 +4.9047e-01 +1.2322e+00 +4.5537e-01 -5.8769e-01 +4.1594e-01 +8.3339e-01 -2.4997e+00 -2.8386e-01 -9.6905e-01 +7.7857e-01 -2.4988e+00 +3.0744e+00 -1.4554e+00 +1.3915e-01 -1.8974e+00 +4.3548e-01 -3.7243e+00 +2.8852e+00 -8.6203e-01 -3.3269e-01
6 0 +2.136027215e+04 +2.139224215e+04 +2.139224215e+04 -9.1561e-01 -3.1833e-01 +1.2709e+00 +7.3721e-01 -9.0184e-01 -2.8387e+00 +1.2902e+00 +1.1371e+00 +9.7308e-01 -3.1254e-01 +8.6011e-02 +1.6165e+00 +2.0764e-01 -1.0089e+00 -2.1584e+00 +4.7169e-01 -7.2120e-01 -5.0748e-01 +4.1048e-01 -1.5579e+00
7 0 +1.781325920e+04 +1.784522920e+04 +1.784522920e+04 -1.0365e+00 -4.7163e-01 +1.1331e+00 +6.0176e-01 -1.2458e+00 -2.8854e+00 +1.5230e+00 +1.1337e+00 +6.0164e-01 -3.5369e-01 +1.0722e-01 +1.4062e+00 +2.1356e-01 -1.2673e+00 -2.0416e+00 +2.0850e-01 -9.1853e-01 -2.8066e-01 +5.5258e-01 -1.3079e+00
54 0 +6.702489264e+03 +6.734459264e+03 +6.734459264e+03 -2.0954e-01 -1.2890e-01 +2.7643e-01 +4.3798e-01 -2.8279e-01 -2.1192e+00 +2.4440e-01 -1.5711e-01 +9.5126e-01 +9.9280e-01 -1.5762e-01 +1.8784e+00 -6.0928e-01 -4.0975e-01 -1.7322e+00 +3.7934e-01 -1.6630e+00 +8.0135e-02 -9.1376e-01 -1.1957e+00
502 0 +6.532333165e+03 +6.564303165e+03 +6.564303165e+03 -6.2208e-01 -1.2734e+00 -8.5422e-01 +4.1925e-01 -1.8121e+00 -1.9114e+00 +1.8344e+00 +6.9440e-01 -1.2904e+00 +7.6722e-02 +9.6261e-01 -6.2181e-02 -2.7010e-01 -1.6618e+00 -1.5633e+00 -1.5929e+00 -1.4467e+00 +9.6682e-01 +2.6207e-01 +3.5226e-01
503 0 +3.826387223e+03 +3.858357223e+03 +3.858357223e+03 -6.3506e-03 -1.0466e+00 -1.1789e+00 +8.3916e-01 -7.8883e-01 -1.3340e+00 +1.1117e+00 +5.2352e-01 -7.1957e-01 +4.0700e-01 +1.2419e+00 +9.5177e-02 -4.9357e-01 -8.8037e-01 -1.7917e+00 -1.3807e+00 -9.4446e-01 +6.5669e-01 -3.7955e-01 +1.2941e-01
654 0 +1.825268498e+03 +1.857238498e+03 +1.857238498e+03 -6.6151e-01 -1.1051e+00 -5.1718e-01 -6.4233e-01 -6.3896e-01 -2.9676e-01 +1.2007e+00 +1.0745e+00 -8.3741e-01 -1.0506e-01 -3.5543e-01 +1.2743e+00 +3.9352e-01 -1.7797e-01 -8.7520e-01 -9.4095e-01 +6.3499e-01 +1.7135e+00 -2.0354e-01 +4.8498e-01
706 0 +1.797802397e+03 +1.829772397e+03 +1.829772397e+03 -6.9970e-01 -8.8547e-01 -5.6758e-01 -7.6882e-01 -8.5749e-01 -1.6124e-01 +1.2841e+00 +1.0020e+00 -9.8061e-01 -2.7907e-02 -3.5321e-01 +1.3843e+00 +6.6440e-01 -3.6545e-01 -6.9236e-01 -7.4382e-01 +6.8790e-01 +1.8618e+00 -1.8984e-01 +4.3135e-01
% f evaluations | g evaluations | best noise-free fitness - Fopt (5.819000000000e+01) + sum g_i+ | measured fitness | best measured fitness or single-digit g-values | x1 | x2...
1 0 +1.068600510e+05 +1.069182410e+05 +1.069182410e+05 +1.5322e+00 -3.8792e-02 -1.3314e+00 -2.4045e+00 +5.0273e-01 +2.9427e+00 -4.9546e-01 +1.3701e+00 +4.0892e+00 -2.1733e+00 -1.5986e+00 +2.4772e+00 -1.6807e+00 -8.9209e-01 +1.7178e+00 +6.9256e-01 +2.9067e+00 +1.5579e+00 -3.8836e+00 -4.7105e-01
4 0 +4.436905758e+04 +4.442724758e+04 +4.442724758e+04 -3.0981e+00 -1.3079e+00 +2.9960e-01 -2.8641e+00 -1.4855e+00 -2.7556e+00 -3.4008e-01 +1.8151e+00 +2.4761e+00 +4.5926e-01 +2.2047e+00 -1.5001e+00 -2.4774e+00 -4.9678e-01 -4.6822e-01 -1.2792e+00 +1.5439e+00 +1.3499e+00 -3.3345e+00 -2.4257e+00
53 0 +3.976480787e+04 +3.982299787e+04 +3.982299787e+04 -2.8994e+00 -1.4972e+00 +1.5689e-01 -2.6438e+00 -1.3745e+00 -2.4841e+00 +8.7309e-02 +1.8853e+00 +2.6270e+00 +8.3370e-01 +2.4054e+00 -1.3348e+00 -2.3782e+00 -1.0706e-01 -8.1890e-01 -1.3876e+00 +9.7313e-01 +9.4992e-01 -3.2191e+00 -2.0495e+00
59 0 +2.705603373e+04 +2.711422373e+04 +2.711422373e+04 -2.4821e+00 -1.0601e+00 +3.2362e-01 -2.4642e+00 -1.1148e+00 -2.1619e+00 -4.8467e-01 +1.6847e+00 +2.6334e+00 +4.6489e-01 +1.7461e+00 -1.3633e+00 -2.4779e+00 -2.4549e-01 -4.1442e-01 -1.0905e+00 +1.4518e+00 +1.0982e+00 -2.6696e+00 -2.2620e+00
255 0 +2.397398101e+04 +2.403217101e+04 +2.403217101e+04 +7.4825e-01 -1.2651e+00 -1.2649e+00 -1.7493e+00 +2.0680e-01 +1.8603e+00 +1.1208e+00 +1.3334e+00 +3.8614e+00 +3.1937e-01 +7.2644e-01 +1.5340e+00 -1.5421e+00 +8.5756e-01 -4.0089e-01 -2.8022e-01 +2.1548e-02 -2.9700e-01 -3.0620e+00 +1.8703e-01
354 0 +9.439699867e+03 +9.497889867e+03 +9.497889867e+03 -1.5524e+00 -8.7546e-01 -2.3105e-01 -2.1543e+00 -8.0478e-01 -8.2568e-01 -5.4924e-01 +9.3010e-01 +2.5106e+00 +7.2002e-01 +7.4498e-01 -7.5141e-01 -1.6117e+00 +3.2322e-01 -5.0063e-02 -4.8547e-01 +1.2753e+00 +9.5258e-01 -1.6417e+00 -1.3181e+00
% f evaluations | g evaluations | best noise-free fitness - Fopt (-4.840000000000e+00) + sum g_i+ | measured fitness | best measured fitness or single-digit g-values | x1 | x2...
1 0 +8.883347835e+04 +8.882863835e+04 +8.882863835e+04 +1.9950e+00 -1.3065e+00 +1.1111e+00 -1.1687e+00 +1.3027e+00 -3.3299e+00 +2.9726e+00 -3.0654e+00 +1.8069e-01 +6.9213e-01 +2.3717e-01 -1.7314e+00 -4.6841e+00 +1.4620e+00 +9.5096e-01 +1.7262e+00 +1.6933e+00 +6.1548e-01 +3.3032e+00 -7.8817e-01
2 0 +5.993004017e+04 +5.992520017e+04 +5.992520017e+04 -7.9637e-01 +8.8240e-02 -1.3145e+00 -2.1550e+00 +1.3517e+00 +3.0654e-01 +1.6021e+00 -1.2238e+00 -1.7888e+00 +3.1360e+00 -1.7618e+00 -2.9378e-01 +8.3760e-01 -1.0762e+00 +2.1641e+00 +4.7033e-01 -1.0216e-01 -1.5650e+00 -9.7011e-01 +2.4455e+00
7 0 +5.083898502e+04 +5.083414502e+04 +5.083414502e+04 -1.7606e+00 +4.6141e-01 -2.0110e+00 +4.0618e+00 +2.9726e+00 -1.3824e+00 -4.9190e-01 -1.0268e+00 +2.6155e-01 +4.4377e+00 +8.3615e-01 -1.8446e+00 -9.7311e-01 +3.4058e+00 -1.8237e+00 +2.4112e+00 -3.7528e-01 -1.1298e+00 -2.6043e+00 +1.2050e-01
8 0 +2.536678154e+04 +2.536194154e+04 +2.536194154e+04 -1.3010e+00 -3.8385e-02 -1.6130e+00 +3.8730e+00 +2.5187e+00 -1.2161e+00 -3.1842e-02 -4.4150e-01 +7.5493e-01 +3.6457e+00 +3.9369e-01 -9.8474e-01 -7.7413e-01 +3.4564e+00 -1.2790e+00 +2.4505e+00 -4.6129e-01 -9.8074e-01 -2.5100e+00 +1.1666e-01
156 0 +1.694908311e+04 +1.694424311e+04 +1.694424311e+04 -1.5239e+00 -1.4135e+00 -6.1975e-01 -5.4877e-01 +3.5048e-01 +2.8714e-01 +9.7517e-01 -7.7452e-01 -3.0710e-01 +1.5589e+00 -1.5237e+00 -5.9521e-01 +6.4574e-01 -1.5711e-01 +2.3003e+00 +1.5711e+00 +2.1149e-01 -4.4306e-01 -2.3237e+00 +1.1808e+00
204 0 +1.479693543e+04 +1.479209543e+04 +1.479209543e+04 -2.3312e+00 -2.1201e+00 -5.7590e-01 -5.3321e-02 +3.7363e-01 +1.1191e+00 -7.6983e-01 +2.4242e-01 +2.0776e-01 -8.1894e-01 -1.9589e+00 +2.1857e-01 +1.5748e+00 +1.7322e-01 +1.9056e+00 +2.1369e+00 +1.6989e-01 +7.5533e-01 -2.1910e+00 -1.6472e-01
255 0 +1.304282360e+04 +1.303798360e+04 +1.303798360e+04 -2.2089e+00 -2.0610e+00 -6.4778e-01 -1.9300e-01 +3.5496e-01 +9.8358e-01 -7.5366e-01 +3.4804e-01 +2.7880e-01 -7.1519e-01 -1.7318e+00 +2.4750e-01 +1.5248e+00 +2.2640e-01 +1.9466e+00 +2.0266e+00 +1.6707e-01 +8.7561e-01 -1.9619e+00 -2.7761e-01
363 0 +1.225066049e+04 +1.224582049e+04 +1.224582049e+04 -2.3312e+00 -2.1201e+00 -5.7590e-01 -5.3321e-02 +3.7363e-01 +1.1191e+00 -7.6983e-01 +2.4242e-01 +2.0776e-01 -8.1894e-01 -1.9589e+00 +2.1857e-01 +1.5748e+00 +1.7322e-01 +1.9056e+00 +1.3992e+00 +1.6989e-01 +7.5533e-01 -2.1910e+00 -7.6848e-02
403 0 +1.005228649e+04 +1.004744649e+04 +1.004744649e+04 -1.2768e+00 -2.1090e+00 -9.0887e-01 -3.1401e-02 -2.7412e-01 -1.4172e-02 -8.7413e-02 +5.0822e-01 +4.9872e-01 -1.2111e-01 -7.9394e-01 -4.4914e-01 +6.7362e-01 +8.5199e-01 +1.5455e+00 +2.1130e+00 +9.9335e-02 +3.5692e-01 -1.6267e+00 -8.2622e-01
454 0 +8.751430882e+03 +8.746590882e+03 +8.746590882e+03 -1.2430e+00 -1.9916e+00 -8.1681e-01 -3.5979e-02 -3.0387e-01 +2.3123e-02 -9.8426e-02 +5.1665e-01 +4.6811e-01 -1.9407e-01 -7.1412e-01 -4.8075e-01 +5.8015e-01 +8.9533e-01 +1.6033e+00 +1.9829e+00 +1.7396e-01 +3.5207e-01 -1.5220e+00 -8.4270e-01
553 0 +7.916981177e+03 +7.912141177e+03 +7.912141177e+03 -1.8156e+00 -1.5804e+00 -6.0264e-01 +2.2359e-01 -6.5012e-01 +6.1957e-01 -7.5121e-01 +8.0512e-01 +9.9629e-03 -6.1279e-01 -3.8997e-01 -8.7648e-01 +8.6659e-01 +9.1701e-01 +1.7403e+00 +1.4929e+00 +4.5504e-01 +3.2239e-01 -2.0328e+00 -9.8475e-01
652 0 +4.353185723e+03 +4.348345723e+03 +4.348345723e+03 -2.0123e+00 -4.0380e-01 +7.1994e-01 -4.2338e-02 +9.8484e-01 -6.1141e-01 +7.9285e-01 +8.7583e-01 -1.9728e-01 -3.2855e-01 -1.2618e+00 -3.5529e-01 +6.3523e-01 +6.7771e-01 +1.0878e+00 +3.6948e-01 -7.6241e-01 -9.6163e-02 -3.9212e-01 -2.2939e-02
657 0 +4.202606732e+03 +4.197766732e+03 +4.197766732e+03 -2.2598e+00 -1.8877e-01 +7.9559e-01 +2.4052e-02 +8.7806e-01 -1.8458e-01 +5.2137e-01 +1.0892e+00 -3.4919e-01 -4.9100e-01 -1.1100e+00 -4.3307e-01 +8.1825e-01 +6.8799e-01 +1.1717e+00 +9.8019e-02 -7.0439e-01 -8.2241e-02 -5.4648e-01 -8.2188e-02
706 0 +3.218722872e+03 +3.213882872e+03 +3.213882872e+03 -1.8027e+00 -1.1169e+00 -8.1565e-02 +1.1882e-01 -5.9767e-03 +1.3459e-01 -1.4288e-01 +8.3298e-01 -7.1687e-02 -5.0081e-01 -7.3345e-01 -6.7114e-01 +7.7544e-01 +8.2273e-01 +1.4832e+00 +1.0503e+00 -2.4613e-02 +1.5749e-01 -1.3864e+00 -6.0581e-01
707 0 +2.501976121e+03 +2.497136121e+03 +2.497136121e+03 -1.8760e+00 -8.6738e-01 +1.9887e-01 +6.2434e-02 +3.4069e-01 -1.2643e-01 +1.8451e-01 +8.4797e-01 -1.1563e-01 -4.4054e-01 -9.1831e-01 -5.6062e-01 +7.2638e-01 +7.7199e-01 +1.3449e+00 +8.1209e-01 -2.8276e-01 +6.8741e-02 -1.0385e+00 -4.0187e-01
% f evaluations | g evaluations | best noise-free fitness - Fopt (-6.337000000000e+01) + sum g_i+ | measured fitness | best measured fitness or single-digit g-values | x1 | x2...
1 0 +1.250172667e+05 +1.249538967e+05 +1.249538967e+05 +4.8905e+00 -1.7599e+00 -3.0310e+00 -5.9334e-01 -2.9709e-01 +2.6699e-01 -2.7903e+00 -1.2098e+00 +3.0420e+00 -2.2428e+00 -4.0243e+00 -2.9838e+00 -2.1998e-01 +1.3519e+00 -1.9628e+00 -4.0757e-01 -1.7833e+00 +5.6422e-01 +5.8300e-01 -3.1292e+00
4 0 +7.149500631e+04 +7.143163631e+04 +7.143163631e+04 +4.0847e-01 +1.4880e+00 +5.6461e-02 -7.3195e-01 +1.0438e+00 +3.6792e+00 +2.2014e+00 +1.0012e+00 -1.6866e+00 +2.9774e+00 +2.3103e+00 +1.0435e+00 -1.5491e+00 +5.8904e-01 +3.4313e+00 +4.4483e-01 +6.0487e-01 -5.0815e-01 -5.6835e-01 -3.2591e+00
8 0 +4.245421727e+04 +4.239084727e+04 +4.239084727e+04 +7.7057e-01 -2.0892e-01 +8.7419e-02 -5.1480e-01 -3.0752e+00 -1.5634e+00 +4.6468e+00 -2.7489e+00 +4.5209e-01 +1.6377e-01 +8.8614e-01 +1.1770e-01 +2.6101e+00 +1.6462e+00 -5.3187e-01 +2.5135e+00 -2.2923e-01 +1.3603e+00 -2.3930e+00 +1.6226e+00
57 0 +2.804368394e+04 +2.798031394e+04 +2.798031394e+04 +3.6886e-01 +2.1075e+00 -2.9420e+00 +1.7473e+00 -6.7999e-01 +7.7777e-01 +2.6529e+00 +2.3967e-02 +2.3514e+00 -1.0907e+00 +2.6588e+00 -1.5356e+00 +9.4513e-01 +1.1305e+00 +3.5814e-01 -1.0005e+00 +8.2525e-01 +7.2640e-01 -7.4785e-01 +1.1971e+00
156 0 +1.601857504e+04 +1.595520504e+04 +1.595520504e+04 +1.4028e+00 -4.1651e-01 -1.3005e+00 -1.9650e+00 +2.0243e+00 +1.0144e+00 +2.0993e-01 +1.7394e+00 -1.6679e+00 -1.6532e+00 -2.2725e+00 +1.6050e-01 -1.8937e+00 -5.7724e-01 -4.6945e-01 -7.9718e-02 +1.7991e-01 -1.8302e+00 +9.5087e-01 +1.2302e-01
259 0 +1.264685325e+04 +1.258348325e+04 +1.258348325e+04 +1.8856e+00 -3.0826e-01 -1.8028e+00 -2.9547e-01 +2.4721e+00 +1.3250e+00 +1.8727e+00 +7.7293e-01 -1.3346e+00 -3.1682e-01 -1.6201e+00 -7.7764e-01 -1.3295e+00 -5.3943e-01 -3.2817e-01 +4.9391e-01 -8.7911e-01 -2.9294e-01 +9.7306e-01 +6.5794e-01
306 0 +7.048549255e+03 +6.985179255e+03 +6.985179255e+03 +1.9741e+00 -1.2144e-01 -1.7482e+00 -3.3638e-01 +1.6440e+00 +8.4367e-01 +1.2389e+00 +8.0134e-01 -7.6977e-01 -6.7178e-01 -1.6362e+00 -1.0521e+00 -1.3952e+00 -8.8954e-02 -2.4256e-01 +2.4987e-02 -1.0449e+00 -3.3039e-01 +6.9494e-01 -8.1305e-02
602 0 +5.108365270e+03 +5.044995270e+03 +5.044995270e+03 +1.3984e+00 +1.0662e+00 -9.4340e-01 -1.2443e-02 +1.0314e+00 -4.8707e-01 -5.8238e-02 -1.4542e-02 -1.6271e+00 -7.9579e-01 -1.3610e+00 -1.0458e+00 -5.8175e-01 +7.6264e-01 +1.5241e-01 -5.2813e-01 -1.3141e+00 -6.9987e-01 -3.7682e-01 -4.6592e-01
756 0 +4.206590140e+03 +4.143220140e+03 +4.143220140e+03 +1.5690e+00 +3.2234e-01 -1.1939e+00 -5.0754e-01 +1.3783e+00 +7.0125e-02 +3.3406e-02 +2.4549e-01 -1.2691e+00 -1.3008e+00 -1.7228e+00 -8.2292e-01 -9.1762e-01 -1.0046e-02 -1.5317e-01 -2.3343e-01 -9.1115e-01 -8.4486e-01 +3.9677e-02 -3.4106e-01
964 0 +3.841778308e+03 +3.778408308e+03 +3.778408308e+03 +1.5690e+00 +3.2234e-01 -1.1939e+00 -5.0754e-01 +1.3783e+00 +7.0125e-02 +3.3406e-02 +2.4549e-01 -1.0444e+00 -1.3008e+00 -1.7228e+00 -8.2292e-01 -9.1762e-01 -1.0046e-02 -1.5317e-01 -2.3343e-01 -9.1115e-01 -8.4486e-01 +3.9677e-02 -3.4106e-01
1563 0 +3.508501167e+03 +3.445131167e+03 +3.445131167e+03 +2.6723e-01 +9.4411e-01 -7.7384e-01 +7.8980e-02 +6.9962e-01 -8.8440e-01 -7.4306e-01 -5.3761e-01 -4.8197e-01 -1.5068e+00 -1.5996e+00 -1.0106e+00 -2.8858e-01 +2.3440e-01 +1.6586e-02 -8.2760e-02 -1.4283e+00 -7.9435e-01 -5.0476e-01 -7.6319e-01
% f evaluations | g evaluations | best noise-free fitness - Fopt (2.750000000000e+00) + sum g_i+ | measured fitness | best measured fitness or single-digit g-values | x1 | x2...
1 0 +1.004338142e+05 +1.004365642e+05 +1.004365642e+05 +1.9279e+00 -2.4642e+00 +1.5395e+00 -2.0902e+00 +7.4653e-01 -3.5346e+00 -3.4371e+00 +5.8547e-01 -2.1295e+00 -6.1265e-01 -2.8529e+00 -4.8108e-01 -2.2794e-01 -3.6367e+00 +6.0923e-01 -1.9131e+00 +1.2558e+00 -2.2537e+00 -1.5354e+00 -1.6022e-01
4 0 +8.847109519e+04 +8.847384519e+04 +8.847384519e+04 -8.7046e-01 +3.5125e+00 -1.9414e+00 -2.8059e+00 +1.6239e+00 +3.5687e-01 -2.6840e+00 +5.6892e-01 +4.0180e+00 +1.4945e+00 +1.6269e+00 +8.2771e-01 -4.8808e-01 +3.3294e+00 -2.7637e+00 -9.9588e-02 +1.2430e+00 -2.2667e-03 -6.1132e-01 +5.7389e-01
5 0 +7.245768843e+04 +7.246043843e+04 +7.246043843e+04 -2.6948e+00 +3.9158e+00 +1.4099e+00 -1.4984e+00 +1.1480e+00 +1.8194e+00 -7.8313e-01 -9.3013e-01 +4.2881e+00 -6.7258e-01 +9.6127e-01 +5.7547e-02 +5.2146e-01 +1.6633e+00 -2.2001e+00 -2.5886e-01 +1.0172e+00 -1.5989e+00 +1.3598e-01 +7.2279e-01
8 0 +3.561240252e+04 +3.561515252e+04 +3.561515252e+04 -3.6506e+00 +2.1290e+00 +2.3928e+00 -1.4617e+00 +4.4565e-01 -4.4896e-01 +2.7365e+00 -1.4445e+00 +2.8345e+00 +2.8183e-01 +2.7021e-01 +2.5372e+00 +2.0447e+00 -7.8728e-01 +9.1940e-01 +1.7257e-01 +1.5656e+00 -4.8111e-01 +7.5535e-02 +6.1790e-01
58 0 +2.274225232e+04 +2.274500232e+04 +2.274500232e+04 -1.8167e-01 -7.2721e-01 +1.8622e+00 -1.8525e+00 +6.3275e-01 -2.3677e+00 -1.1025e+00 -1.8220e-01 -2.5230e-01 -2.7439e-01 -1.6718e+00 +6.6034e-01 +6.3149e-01 -2.5591e+00 +7.2653e-01 -1.1244e+00 +1.3730e+00 -1.5834e+00 -9.2617e-01 +1.3404e-01
59 0 +1.120888225e+04 +1.121163225e+04 +1.121163225e+04 -1.5410e+00 +3.9203e-01 +2.0701e+00 -1.6994e+00 +5.5943e-01 -1.6159e+00 +4.0186e-01 -6.7685e-01 +9.5728e-01 -5.6430e-02 -9.1083e-01 +1.3958e+00 +1.1853e+00 -1.8648e+00 +8.0211e-01 -6.1618e-01 +1.4485e+00 -1.1514e+00 -5.3365e-01 +3.2364e-01
202 0 +1.032441332e+04 +1.032716332e+04 +1.032716332e+04 -1.5961e-01 -5.0790e-01 +2.0923e-01 -9.1260e-01 +2.1835e+00 +1.1236e-01 -5.1220e-01 +1.2524e+00 +2.4665e+00 +1.5760e+00 -1.0752e+00 +4.5002e-01 -1.0677e+00 +8.3299e-01 -1.1860e+00 +2.7567e-01 +1.6088e+00 -8.1741e-01 -9.3835e-01 -1.1790e+00
264 0 +1.015712904e+04 +1.015987904e+04 +1.015987904e+04 -1.2516e-01 -5.7946e-01 +2.3568e-01 -8.0131e-01 +2.2283e+00 +2.2048e-01 -4.3304e-01 +1.2452e+00 +2.5007e+00 +1.5959e+00 -1.1077e+00 +4.3431e-01 -6.8648e-01 +7.5175e-01 -1.1935e+00 +3.3485e-01 +1.6759e+00 -8.9009e-01 -9.4689e-01 -1.2119e+00
402 0 +9.345760302e+03 +9.348510302e+03 +9.348510302e+03 -5.4570e-01 -1.1195e+00 +1.6328e+00 +1.1970e-01 +2.0457e+00 -1.0383e+00 +1.4389e+00 +1.5742e+00 +8.8079e-01 -3.7527e-01 -1.3195e+00 +9.2717e-01 -3.9903e-02 -3.7281e-01 -1.7231e+00 -1.0432e+00 +3.5728e-01 -6.6785e-02 -1.3904e+00 -1.7533e+00
% f evaluations | g evaluations | best noise-free fitness - Fopt (-4.681000000000e+01) + sum g_i+ | measured fitness | best measured fitness or single-digit g-values | x1 | x2...
1 0 +1.547844221e+05 +1.547376121e+05 +1.547376121e+05 +9.5871e-02 -4.5228e+00 +1.2390e+00 -3.1313e-01 -3.9266e+00 -2.7087e-01 -2.8117e+00 -1.1210e+00 +1.3256e+00 -6.3641e-01 +1.2438e+00 +3.7769e+00 -4.8724e-01 -2.6692e-01 -7.5502e-01 +2.1246e+00 +4.0447e+00 -1.7075e+00 -3.2136e+00 -1.9976e+00
2 0 +8.137296895e+04 +8.132615895e+04 +8.132615895e+04 +1.4554e+00 -4.0555e-01 -3.6011e+00 -4.1898e+00 -1.6272e+00 +8.1997e-01 -1.8013e+00 -1.1667e+00 -1.8578e+00 -2.0501e+00 +1.9061e+00 +1.7591e-01 -6.9115e-02 +1.9968e-01 -3.9096e+00 +3.8208e-01 -2.2931e+00 -6.6402e-01 -5.3564e-01 -3.3111e-01
3 0 +8.121464683e+04 +8.116783683e+04 +8.116783683e+04 +1.5495e+00 -4.6774e-01 -3.6409e+00 -4.2034e+00 -1.7031e+00 +7.7402e-01 -1.9045e+00 -1.2630e+00 -1.7962e+00 -1.9594e+00 +2.0253e+00 +2.4193e-01 -1.0527e-01 +2.0913e-01 -3.9353e+00 +4.0819e-01 -2.1973e+00 -5.1714e-01 -6.5084e-01 -3.7881e-01
8 0 +4.885960727e+04 +4.881279727e+04 +4.881279727e+04 -1.7047e-01 -8.8379e-01 +2.2137e+00 +6.9499e-01 -4.0064e+00 -1.4303e+00 -1.3190e+00 -8.9834e-01 +4.0490e-01 -2.7761e-01 -1.2595e+00 +2.9972e+00 +5.7132e-02 -1.7737e+00 +4.7271e-01 +2.8339e-01 +1.5883e+00 +8.1238e-02 -4.9611e-01 -8.5556e-01
104 0 +3.609255928e+04 +3.604574928e+04 +3.604574928e+04 +1.2003e+00 -2.6167e+00 +5.5697e-01 -1.4971e+00 -2.3409e+00 +2.0064e-01 -1.9223e+00 -1.6617e+00 -7.5508e-01 -1.2394e+00 +9.3498e-01 +2.8080e+00 -5.3961e-01 +8.1403e-01 -1.8742e+00 +1.4447e+00 +2.2353e+00 -1.2504e+00 -1.0892e+00 -1.2342e+00
105 0 +2.697471437e+04 +2.692790437e+04 +2.692790437e+04 +1.7137e+00 -2.2625e+00 +1.7070e-01 -1.9140e+00 -1.5100e+00 +8.3544e-01 -2.0422e+00 -1.9099e+00 -1.5516e+00 -1.7020e+00 +5.8653e-01 +2.2588e+00 -6.7885e-01 +9.4500e-01 -2.7140e+00 +8.6482e-01 +1.1403e+00 -1.4060e+00 -6.4750e-01 -1.0363e+00
157 0 +1.115437304e+04 +1.110756304e+04 +1.110756304e+04 -8.8075e-01 +5.5614e-01 +5.0192e-01 +3.9019e-01 -6.2095e-01 -2.1776e+00 +7.6055e-01 -8.3571e-01 -4.9222e-01 -9.1912e-01 +3.7816e-01 +1.0567e+00 +9.2626e-01 +1.1080e+00 -1.7138e+00 +8.3534e-01 -5.0133e-01 -6.2960e-01 +1.8893e-02 +1.5651e+00
207 0 +1.064061219e+04 +1.059380219e+04 +1.059380219e+04 -7.1628e-01 +4.1787e-01 +5.3476e-01 +5.0825e-01 -6.6764e-01 -2.1484e+00 +8.7934e-01 -6.5990e-01 -3.2655e-01 -8.1489e-01 +4.3865e-01 +1.0904e+00 +9.6680e-01 +8.7255e-01 -1.5336e+00 +9.2739e-01 -5.0287e-01 -5.5130e-01 +1.3112e-02 +1.5396e+00
460 0 +9.976028179e+03 +9.929218179e+03 +9.929218179e+03 +1.5153e+00 -2.0880e+00 +2.3771e-01 -9.1867e-01 -1.9735e+00 +4.0146e-02 -1.0745e+00 -2.3463e-01 -4.3498e-01 -1.3961e+00 +5.9597e-01 +2.0466e+00 -8.7615e-02 +2.5023e-02 -1.6558e+00 +1.2936e+00 +1.8249e-01 -1.3491e+00 -5.9778e-01 -4.8580e-01
514 0 +9.745049468e+03 +9.698239468e+03 +9.698239468e+03 +1.5153e+00 -2.0880e+00 +2.3771e-01 -9.1867e-01 -1.9735e+00 +4.0146e-02 -1.0745e+00 -2.3463e-01 -4.3498e-01 -1.3961e+00 +5.9597e-01 +2.0466e+00 -8.7615e-02 +2.5023e-02 -1.6558e+00 +1.2936e+00 +4.2542e-02 -1.3491e+00 -5.9778e-01 -4.8580e-01
% f evaluations | g evaluations | best noise-free fitness - Fopt (6.134000000000e+01) + sum g_i+ | measured fitness | best measured fitness or single-digit g-values | x1 | x2...
1 0 +3.585386423e+05 +3.585999823e+05 +3.585999823e+05 +3.7300e+00 -4.7688e+00 -4.7984e+00 -2.3906e+00 -3.2360e-01 +2.7600e+00 -4.9428e+00 -1.2794e+00 -1.0110e+00 +4.9017e-01 -5.6420e-01 +2.0570e+00 -4.2398e+00 +3.1803e-01 +1.0421e+00 +7.9123e-03 -3.5397e+00 +1.2546e-01 -1.4458e+00 +6.8787e-01
2 0 +1.227995198e+05 +1.228608598e+05 +1.228608598e+05 -2.5333e+00 -2.5690e+00 -1.0458e+00 +1.7600e+00 -2.2596e+00 -6.0114e-01 +1.7205e+00 -2.9476e+00 +3.2723e-01 +3.5434e+00 -3.3830e+00 -2.8075e+00 +2.2971e+00 +1.1595e+00 -1.3931e+00 +1.2081e+00 -7.1573e-01 +8.0652e-01 -2.2611e+00 -1.3958e+00
6 0 +9.225656952e+04 +9.231790952e+04 +9.231790952e+04 -1.4976e+00 +4.6237e-01 -4.7356e+00 -9.6120e-01 -1.1569e+00 +5.4313e-01 -1.1268e+00 +1.4057e+00 -8.9396e-01 +2.3858e+00 +8.5157e-01 +1.9696e+00 +4.4491e+00 +1.7623e+00 -3.0277e+00 -3.2201e+00 -6.4859e-01 -2.9450e+00 +2.2833e+00 -5.7299e-02
57 0 +4.684001652e+04 +4.690135652e+04 +4.690135652e+04 -1.1215e-02 -2.2542e-01 -4.0463e+00 -1.4453e+00 -9.1434e-01 -9.6884e-01 +4.0793e-01 +1.3859e+00 -1.6866e+00 +1.6608e+00 +1.1151e+00 +1.1336e+00 +2.5646e+00 +4.1171e-01 -1.7882e+00 -3.2668e+00 -7.9616e-01 -1.7184e+00 +1.9036e+00 +8.4116e-01
202 0 +3.879539553e+04 +3.885673553e+04 +3.885673553e+04 +1.0598e+00 -2.3582e+00 -2.9285e+00 -1.4772e+00 -1.5113e+00 -6.5379e-01 +1.1325e+00 +8.0818e-02 -1.2061e+00 +9.4036e-01 +4.4173e-01 -8.4091e-02 -1.1909e+00 -8.1116e-01 +6.4837e-01 -1.4546e+00 -2.1588e+00 -4.6956e-01 +5.7029e-01 +9.4640e-01
203 0 +2.304300061e+04 +2.310434061e+04 +2.310434061e+04 -9.5457e-01 -2.3886e+00 -2.0253e+00 +1.1734e-02 -1.8775e+00 +1.5601e+00 +1.7934e+00 -3.4738e-01 +1.0222e+00 +8.4497e-01 -6.7680e-02 -1.9970e-01 -1.5742e+00 -4.0262e-02 +1.1597e+00 +8.7912e-01 -1.5111e+00 -1.5878e+00 +3.3904e-02 -3.8719e-01
257 0 +2.244249123e+04 +2.250383123e+04 +2.250383123e+04 -6.5866e-01 -2.5390e+00 -2.2005e+00 -1.4002e-01 -1.7794e+00 +1.6359e+00 +1.3679e+00 -4.0626e-01 +8.9377e-01 +8.2256e-01 -9.9044e-02 -5.7144e-02 -1.7426e+00 -1.7629e-02 +1.1522e+00 +8.2408e-01 -1.6393e+00 -1.4796e+00 -5.9566e-02 -3.1928e-01
356 0 +1.072097016e+04 +1.078231016e+04 +1.078231016e+04 -7.1073e-01 -1.6123e+00 +6.9614e-02 +9.0906e-01 -1.9585e-01 +5.0964e-01 +1.5444e-01 -1.5272e+00 -7.2117e-02 -2.1040e+00 +2.0189e+00 -8.2199e-02 -3.5932e-01 -1.1343e+00 -6.4976e-01 -7.8802e-01 -8.8469e-01 -6.8166e-01 -4.7210e-01 +2.3712e+00
403 0 +9.866487161e+03 +9.927827161e+03 +9.927827161e+03 -2.8917e-01 -2.0916e+00 -6.3078e-01 +8.8951e-01 -2.6323e-01 +8.7631e-01 +1.9055e-01 -1.3255e+00 +1.0942e-01 -1.5701e+00 +1.6828e+00 +5.5478e-02 -6.4604e-01 -1.0974e+00 -3.4604e-01 -3.8500e-01 -1.1119e+00 -8.1067e-01 -6.8311e-01 +2.1774e+00
553 0 +9.293930691e+03 +9.355270691e+03 +9.355270691e+03 +1.1698e-01 +9.3340e-01 -7.5484e-01 -7.7352e-01 +1.6949e+00 -1.5785e+00 -2.6960e+00 -1.3115e+00 -1.4354e+00 -4.9429e-01 -2.0610e+00 +6.6148e-01 -1.2998e+00 +1.1619e+00 +2.1422e-01 -1.3261e+00 -6.1895e-01 +6.9967e-01 -2.9185e-01 +3.8808e-01
811 0 +8.574300007e+03 +8.635640007e+03 +8.635640007e+03 +1.5878e-01 +8.7938e-01 -7.9887e-01 -4.6074e-01 +1.6769e+00 -1.5410e+00 -2.7137e+00 -1.3034e+00 -1.4341e+00 -4.7830e-01 -2.0488e+00 +6.7908e-01 -1.3205e+00 +1.1555e+00 +2.1864e-01 -9.1608e-01 -6.5273e-01 +6.9690e-01 -2.9917e-01 +3.8627e-01
