% f evaluations | g evaluations | best noise-free fitness - Fopt (7.627000000000e+01) + sum g_i+ | measured fitness | best measured fitness or single-digit g-values | x1 | x2...
1 0 +4.996551305e+06 +4.996627575e+06 +4.996627575e+06 -1.1565e+00 +6.8756e-01 -4.0010e+00 -3.0133e+00 +3.0189e+00 -4.6633e+00 +1.4627e+00 +3.4100e+00 -2.7230e+00 +3.0003e-01 +2.0004e+00 -3.0819e-01 -5.0623e-01 +3.5007e+00 -2.1171e+00 -3.1358e+00 +5.7605e-01 +3.1056e-01 -5.5565e-01 -4.3870e-01
2 0 +9.968809029e+04 +9.976436029e+04 +9.976436029e+04 -2.0282e+00 -1.7216e+00 +1.5917e+00 -3.8334e+00 -2.4220e+00 +2.7655e+00 -1.6617e+00 -4.4146e+00 -1.9445e+00 +1.9797e+00 -8.1249e-01 -1.1863e+00 -9.9939e-01 +2.3665e+00 -4.4151e+00 -2.0403e+00 +1.7263e-01 +2.8572e+00 -1.6212e-01 +1.0818e+00
5 0 +1.941711417e+04 +1.949338417e+04 +1.949338417e+04 -9.8174e-01 +1.9592e+00 -3.4182e+00 -8.2379e-01 -1.0701e+00 -3.7132e+00 +5.8133e-01 -5.5945e-01 -1.5426e+00 -3.2626e+00 -1.2714e+00 +5.5504e-01 +3.8159e-01 -2.2373e-01 -2.6374e+00 +8.5316e-02 +1.3258e+00 +4.3537e-01 -3.4040e+00 -1.1774e+00
62 0 +3.928042946e+03 +4.004312946e+03 +4.004312946e+03 +3.9991e+00 +3.7753e+00 -1.5741e+00 -4.1019e+00 +2.0011e+00 +4.1551e+00 -2.8257e+00 -1.3093e+00 +2.2900e+00 +2.0774e-01 -3.9711e+00 +3.3260e-02 +3.7186e+00 -2.6744e+00 +4.5442e+00 +5.1897e-01 -1.2593e+00 -4.0523e+00 -1.8911e+00 -1.1632e-01
204 0 +1.837692822e+02 +2.600392822e+02 +2.600392822e+02 +1.1563e-01 +4.2843e-01 -1.5314e+00 -2.8438e+00 +7.9019e-01 -3.1183e+00 +1.3849e+00 +2.2861e+00 -3.1870e+00 -6.8334e-01 +3.8565e-01 +1.0685e-01 -4.4507e-01 +1.5746e+00 -1.9734e+00 -2.6147e+00 -8.2691e-01 +3.7503e-01 -6.4088e-01 -1.3594e+00
964 0 +9.071108753e+01 +1.669810875e+02 +1.669810875e+02 -1.3325e+00 -5.7679e-01 -1.6518e+00 -1.7696e+00 -4.1065e-01 -1.9572e+00 +1.3404e+00 +1.2637e+00 -2.1795e+00 +3.5023e-01 +3.9391e-01 -4.6271e-01 -8.9917e-01 +9.2873e-01 -2.4123e+00 -1.5993e+00 +3.9708e-01 +1.0245e+00 +2.7778e-01 -9.2861e-01
% f evaluations | g evaluations | best noise-free fitness - Fopt (-2.255000000000e+01) + sum g_i+ | measured fitness | best measured fitness or single-digit g-values | x1 | x2...
1 0 +3.825558332e+06 +3.825535782e+06 +3.825535782e+06 -1.0670e+00 -4.1924e+00 -8.1158e-01 +3.2818e+00 +3.9815e+00 -1.2784e+00 +9.0655e-01 +1.1686e+00 +9.7882e-01 -5.3002e-02 +2.8897e+00 -3.8465e+00 -3.2105e+00 -1.5099e+00 +3.3063e-01 -2.9779e+00 -1.5975e+00 -2.1526e-02 -1.8584e+00 +1.5419e-01
2 0 +1.011483400e+06 +1.011460850e+06 +1.011460850e+06 -1.2576e+00 -2.6242e+00 -1.9279e+00 -1.2796e+00 +1.1687e-01 -1.1554e+00 +3.4294e-01 +1.8332e+00 +1.4435e+00 +2.3259e+00 +2.6328e+00 +1.0537e+00 -4.9401e-01 +8.3132e-01 +2.1858e+00 +4.0017e-02 +1.0582e+00 -4.9159e-01 -1.5146e+00 -3.3635e-01
3 0 +3.193936557e+05 +3.193711057e+05 +3.193711057e+05 -6.2981e-03 -3.3224e+00 -2.7278e+00 -2.0100e+00 +1.1873e+00 -1.1653e+00 +1.4915e+00 +1.2099e+00 +2.2026e-02 +2.7515e+00 +1.7803e+00 +1.1360e+00 -1.0304e+00 +9.3486e-01 +1.6120e+00 -8.6582e-02 +8.0426e-01 +1.2186e-01 -2.5534e+00 +8.1533e-01
4 0 +2.644824777e+04 +2.642569777e+04 +2.642569777e+04 +2.8738e+00 -4.3696e+00 +3.5725e+00 -1.8871e-01 -5.2807e-01 -2.3017e+00 -3.6218e-01 +1.8396e+00 -6.6417e-01 -1.2314e+00 +2.1096e-02 -8.4825e-01 -3.5104e+00 +2.5346e+00 -2.9012e+00 -2.6631e-01 -1.0461e+00 -2.8345e+00 +1.7227e+00 -1.7694e+00
33 0 +5.799410353e+03 +5.776860353e+03 +5.776860353e+03 +1.2331e+00 +1.6053e+00 -4.1520e+00 -4.4466e+00 -1.1417e+00 -1.4155e-01 +3.7533e+00 +5.4671e-02 -3.2986e+00 +3.7574e+00 -2.5815e+00 -6.4703e-01 +4.1074e-01 +1.7095e+00 +9.1253e-01 -2.6999e+00 +1.7235e+00 +7.6328e-01 +4.4763e+00 +1.1133e+00
306 0 +3.373617586e+03 +3.351067586e+03 +3.351067586e+03 -2.5909e-01 -3.4360e+00 -2.1612e+00 -7.0538e-01 +1.7516e+00 -1.1772e+00 +1.2828e+00 +1.2713e+00 +1.0527e-01 +1.9677e+00 +1.8550e+00 +1.3440e-02 -1.4965e+00 +6.0051e-01 +1.1628e+00 -6.3084e-01 +1.6433e-01 +4.6566e-02 -2.2067e+00 +6.1682e-01
% f evaluations | g evaluations | best noise-free fitness - Fopt (1.366000000000e+01) + sum g_i+ | measured fitness | best measured fitness or single-digit g-values | x1 | x2...
1 0 +1.921057165e+06 +1.921070825e+06 +1.921070825e+06 -4.2543e+00 -4.7751e-01 -1.7104e+00 +1.6908e+00 +3.9585e+00 -3.9157e+00 -2.3936e+00 -9.1584e-01 +3.8299e+00 -2.4030e+00 +1.7805e+00 -2.0267e+00 -2.5735e+00 -1.2122e+00 -1.6794e+00 +3.1325e-01 -2.1011e+00 +1.9866e-01 +6.4150e-01 +1.1213e-01
4 0 +4.727443364e+05 +4.727579964e+05 +4.727579964e+05 -1.3027e-01 -3.1411e+00 +2.2135e+00 -3.5659e+00 +1.6347e+00 -1.3079e-01 -3.7460e+00 +9.8667e-01 +2.1614e-01 +1.0995e+00 -7.5833e-02 +1.4852e-01 -1.7876e+00 -1.3280e+00 +2.4991e+00 +2.3400e+00 +1.3558e+00 -9.9558e-01 +1.5193e-01 +2.6394e+00
5 0 +2.047746637e+05 +2.047883237e+05 +2.047883237e+05 +1.1678e+00 -1.1356e+00 -4.1547e-01 -2.9486e+00 -2.4174e+00 -1.8818e+00 -1.7129e+00 -1.6616e+00 +1.0132e+00 -2.2479e+00 -2.4292e-01 +2.1484e+00 -3.6460e+00 +2.0095e+00 -1.8455e-01 +1.1537e+00 -6.6257e-01 -2.2260e+00 +1.3643e-01 -1.6369e+00
10 0 +1.390725736e+05 +1.390862336e+05 +1.390862336e+05 -4.6360e-02 -3.9005e+00 +2.3832e+00 +4.8984e+00 +2.4372e+00 +1.8148e+00 +1.6999e+00 -1.9314e+00 +2.4850e+00 -1.1601e+00 +3.2738e+00 -1.3274e+00 -2.9300e+00 +2.9540e+00 +4.8254e+00 +3.5858e+00 -1.6027e+00 +3.2428e-01 +3.9976e+00 +2.1782e+00
13 0 +3.760499580e+04 +3.761865580e+04 +3.761865580e+04 +4.6940e+00 +3.8594e+00 +3.0452e+00 +4.3673e+00 +1.8477e+00 +2.1979e-01 -4.9194e+00 +1.8648e+00 +4.4933e+00 -3.1000e+00 +5.0000e+00 +2.8492e+00 -7.0820e-01 +1.2012e+00 +3.2019e+00 +4.9399e+00 -4.5711e+00 -1.5652e+00 -2.3365e+00 -1.1931e+00
52 0 +1.161100514e+04 +1.162466514e+04 +1.162466514e+04 +6.7064e-01 -2.7455e+00 -4.5010e-01 +6.6900e-01 +1.6837e+00 -1.5724e+00 +1.8549e+00 -1.0231e+00 +3.8899e+00 +1.3931e+00 +2.6799e+00 +1.2391e+00 -3.2472e+00 -2.0502e+00 -2.9701e+00 -3.5709e+00 -7.6880e-01 +2.8761e+00 +1.0909e-01 +2.3798e+00
406 0 +2.514745989e+03 +2.528405989e+03 +2.528405989e+03 -2.4554e+00 +5.1527e-01 -3.3833e-01 +4.2075e-01 +9.1136e-01 -2.3059e+00 -9.7316e-01 -8.8865e-01 +1.6324e+00 -9.2986e-01 +1.1378e+00 -6.0333e-01 -2.0240e+00 -5.3816e-01 -2.1711e+00 +4.5743e-01 -1.1843e+00 -1.0170e+00 +5.0486e-01 -1.4250e-01
508 0 +1.315449523e+03 +1.329109523e+03 +1.329109523e+03 -2.4671e+00 +4.3365e-01 -3.8680e-01 +4.7975e-01 +1.2843e+00 -2.3358e+00 -9.6980e-01 -8.8677e-01 +1.7194e+00 -1.0415e+00 +1.2184e+00 -7.2802e-01 -2.1001e+00 -6.7829e-01 -2.1040e+00 +4.8292e-01 -1.2162e+00 -9.1465e-01 +4.7549e-01 +1.8515e-02
514 0 +9.022523567e+02 +9.159123567e+02 +9.159123567e+02 -2.1342e+00 +7.1174e-01 -1.9569e-01 +4.8105e-01 +1.0485e+00 -1.6518e+00 -7.5263e-01 -5.8097e-01 +1.3387e+00 -6.3294e-01 +1.3789e+00 -7.6172e-01 -1.8880e+00 -6.4410e-01 -1.8226e+00 +2.8436e-01 -9.7077e-01 -1.0281e+00 +4.6473e-01 +1.3653e-01
760 0 +6.726336607e+02 +6.862936607e+02 +6.862936607e+02 -1.3375e+00 +1.4776e+00 +1.3174e+00 +1.8779e-02 +4.7530e-02 -1.0776e+00 +1.9045e-01 -5.9299e-01 +3.9858e-01 +1.3614e-01 +1.2111e+00 -4.6927e-01 -1.5492e+00 -5.4161e-01 -8.1586e-01 +5.6959e-01 -6.7475e-01 -1.9861e+00 +3.7791e-01 +2.0365e-01
% f evaluations | g evaluations | best noise-free fitness - Fopt (9.378400000000e+02) + sum g_i+ | measured fitness | best measured fitness or single-digit g-values | x1 | x2...
1 0 +1.152186704e+05 +1.161565104e+05 +1.161565104e+05 -6.6767e-01 -2.0399e+00 -1.9989e+00 -4.9587e+00 +4.6285e+00 +1.0112e+00 -1.3029e+00 +6.5330e-01 -8.5437e-02 -4.0381e+00 +1.1488e+00 -7.4578e-02 +2.2274e+00 +1.3380e+00 -3.4258e-01 +1.4729e+00 -1.1928e+00 -2.3184e+00 -2.9263e+00 -5.8272e-01
4 0 +6.526250311e+03 +7.464090311e+03 +7.464090311e+03 -1.0371e+00 -2.1714e+00 -1.3787e+00 +1.9259e+00 +7.0317e-01 -6.4223e-01 +8.4046e-01 -1.2172e+00 -9.4493e-01 -9.5507e-01 -3.7207e+00 -5.3645e-01 -2.3225e+00 +2.6638e+00 +2.0699e+00 -1.3678e+00 +1.0854e+00 -2.8107e+00 -1.9289e+00 -6.7589e-01
13 0 +5.270230251e+03 +6.208070251e+03 +6.208070251e+03 -1.0655e+00 +2.8095e+00 -2.1906e+00 +1.0966e+00 -3.7915e+00 +4.5972e+00 +3.2548e+00 +3.4839e+00 +4.9888e+00 +3.5042e+00 -3.6460e+00 +3.4714e+00 -5.4150e-02 -3.8932e+00 +4.9436e+00 -7.7128e-02 -6.9290e-01 +3.8679e+00 +3.8851e+00 +1.8313e+00
49 0 +1.325699504e+03 +2.263539504e+03 +2.263539504e+03 -8.1106e-01 +4.7049e-01 -4.9839e+00 +1.6414e+00 +3.8202e+00 +8.6044e-01 +3.2816e-01 -8.1087e-01 -4.7960e+00 -4.3397e+00 +7.6518e-02 -4.6810e+00 +6.4284e-01 +3.7003e+00 +2.5166e+00 -4.0962e+00 +2.4013e+00 -4.3892e+00 -2.0533e+00 -2.3484e+00
55 0 +4.045863257e+02 +1.342426326e+03 +1.342426326e+03 -1.5607e+00 -2.4952e+00 -2.7120e+00 -3.3887e+00 +2.6975e+00 +1.6978e+00 -2.2415e+00 +4.5526e-01 -1.4071e+00 -2.4169e+00 +1.3727e-01 +8.5469e-01 +8.1530e-01 +1.6479e+00 +2.5958e-01 +4.4923e-01 -9.1819e-01 -2.2388e+00 -2.3853e+00 -6.3209e-01
355 0 +2.064817965e+02 +1.144321797e+03 +1.144321797e+03 -2.9279e+00 -1.9994e+00 -2.7856e+00 -1.4152e+00 -1.8752e-01 +1.9956e+00 -2.2617e+00 +4.3042e-01 -2.1951e+00 +5.6529e-01 -1.6018e+00 +1.8000e+00 -1.0095e+00 +2.1882e+00 +5.6627e-01 -7.8015e-01 -2.7771e-01 -1.3540e+00 -7.5466e-01 -1.3544e-01
% f evaluations | g evaluations | best noise-free fitness - Fopt (-7.872000000000e+01) + sum g_i+ | measured fitness | best measured fitness or single-digit g-values | x1 | x2...
1 0 +2.938682795e+06 +2.938604075e+06 +2.938604075e+06 -2.9101e+00 -6.5254e-02 -4.7591e-01 -3.1014e+00 -2.1026e+00 -3.8558e+00 -3.2712e-01 -1.7864e+00 +2.7212e-01 -9.3701e-01 +2.9323e+00 +4.3929e+00 +2.2929e+00 -4.0875e+00 -2.2686e+00 +6.3759e-01 +1.2194e+00 -4.9590e-01 +3.7016e+00 +4.6714e-03
3 0 +2.003148137e+06 +2.003069417e+06 +2.003069417e+06 -3.0018e+00 +7.8367e-01 -5.3007e-01 +2.8909e+00 +1.0832e+00 +3.8628e+00 -1.9749e+00 -2.2100e+00 +2.4652e+00 -8.3697e-01 -3.6552e+00 +2.3369e+00 +7.2034e-01 -1.0157e+00 +8.6512e-01 +2.8850e+00 -2.0884e+00 +1.7801e+00 -3.7797e+00 +1.7625e+00
8 0 +1.614572854e+06 +1.614494134e+06 +1.614494134e+06 +4.4622e+00 -2.2146e+00 +1.2960e+00 +6.5471e-01 -3.3648e+00 -2.7744e+00 +1.7625e+00 +6.0801e-01 +2.2004e+00 +1.9211e+00 +3.0329e+00 +1.5843e+00 -7.3242e-01 -4.4425e+00 -6.2135e-01 -8.5018e-01 -1.9028e+00 -9.8880e-01 +4.4441e-01 +1.3673e-01
9 0 +1.429918142e+06 +1.429839422e+06 +1.429839422e+06 +4.4161e+00 -2.8174e+00 +2.1223e+00 +1.6436e-01 -3.6092e+00 -3.1035e+00 +7.9916e-01 +7.6387e-02 +1.4114e+00 +2.5894e+00 +3.0154e+00 +2.0711e+00 -3.9597e-01 -4.3998e+00 -7.3184e-01 -1.1234e+00 -1.2583e+00 -5.4971e-01 +3.6247e-01 -3.1195e-02
17 0 +5.595639927e+05 +5.594852727e+05 +5.594852727e+05 -4.3810e+00 -1.7865e+00 +2.7644e+00 +1.6969e+00 +1.2480e+00 +4.5036e+00 +4.8740e+00 -7.7653e-01 -1.6696e+00 -7.0166e-01 +2.4613e+00 -4.1691e-01 +2.2401e+00 -4.7724e+00 +1.3479e+00 +2.8703e+00 -3.9508e+00 -1.8394e+00 -1.3828e+00 +3.8585e+00
18 0 +1.211951036e+05 +1.211163836e+05 +1.211163836e+05 +3.3634e+00 +1.2476e+00 +3.8896e+00 +2.8051e+00 -9.1626e-02 -2.1396e+00 +3.1591e+00 +2.5424e+00 -4.3047e+00 -2.4291e+00 -1.2508e+00 +1.8201e+00 +4.1579e+00 +7.3697e-01 -4.8659e+00 +2.9297e+00 +1.5176e+00 +3.4899e+00 -3.2002e+00 +4.3444e+00
208 0 +2.129278927e+04 +2.121406927e+04 +2.121406927e+04 -2.7734e+00 -4.4268e-01 -4.3436e-01 -2.9520e-02 -1.2714e+00 -4.4612e-01 -5.5993e-01 -1.4069e+00 -1.6859e-02 +6.7947e-01 +4.2923e-01 +3.5898e+00 +2.0536e+00 -3.6727e+00 -1.5620e+00 +1.2513e+00 -5.2757e-01 +4.0794e-02 +2.7962e+00 -6.4025e-01
603 0 +5.340789292e+03 +5.262069292e+03 +5.262069292e+03 -3.6543e+00 -2.1084e-01 -3.2167e+00 +1.4837e+00 +1.2586e+00 -6.8430e-01 -1.9021e+00 +1.4690e+00 -2.1905e+00 +1.3102e+00 -2.2284e+00 +2.7171e+00 -1.1531e+00 -4.4424e-01 +1.3500e+00 -5.4784e-01 +2.3067e-01 +9.5057e-01 -2.0184e+00 +3.0169e-01
% f evaluations | g evaluations | best noise-free fitness - Fopt (-4.151000000000e+01) + sum g_i+ | measured fitness | best measured fitness or single-digit g-values | x1 | x2...
1 0 +2.753468341e+07 +2.753464190e+07 +2.753464190e+07 -3.5867e+00 -3.3049e+00 +2.7485e+00 +2.2640e+00 -1.8064e+00 -1.6278e+00 +3.8172e+00 -7.3084e-01 -4.3215e-02 +3.1733e+00 -2.8345e+00 -1.7102e+00 +1.0909e+00 -5.5006e-01 -1.5333e+00 +2.8844e+00 -4.0743e+00 +2.3171e-01 +1.4388e+00 -1.8912e+00
2 0 +3.186902614e+05 +3.186487514e+05 +3.186487514e+05 +3.6716e+00 -2.7410e-02 -1.5676e+00 -9.2477e-01 -4.7437e+00 +2.9644e+00 -1.0050e+00 -1.6573e+00 +1.7833e+00 +1.1113e+00 -2.1543e+00 +3.5235e+00 -9.4457e-01 -5.2104e-01 -2.4476e+00 +1.1550e+00 -4.4425e+00 -1.6818e+00 +5.6450e-01 +1.8724e+00
15 0 +2.872535992e+05 +2.872120892e+05 +2.872120892e+05 +2.4267e+00 -1.2386e-01 +2.2431e+00 +2.6111e+00 -4.6871e+00 -7.1747e-01 +2.1035e+00 +1.2436e+00 +1.9829e+00 +4.1719e+00 -1.1892e+00 +4.5570e-01 +2.4301e+00 -3.4541e+00 -1.8389e+00 -4.1069e+00 +1.2125e+00 +2.0667e+00 -6.3252e-01 +2.4067e+00
% f evaluations | g evaluations | best noise-free fitness - Fopt (1.320700000000e+02) + sum g_i+ | measured fitness | best measured fitness or single-digit g-values | x1 | x2...
1 0 +2.106590711e+07 +2.106603918e+07 +2.106603918e+07 -3.0677e-01 -1.7614e+00 -3.7051e+00 -1.2389e+00 -3.8348e-01 -4.9597e-01 -3.8599e+00 +1.6340e+00 +1.2752e+00 -3.3568e+00 +1.0037e+00 -6.3972e-01 -8.9960e-01 -2.8574e+00 -7.0804e-01 -6.4323e-01 +1.7677e+00 +4.3743e-02 +3.1721e+00 +9.4130e-01
2 0 +2.130811167e+06 +2.130943237e+06 +2.130943237e+06 +4.0614e-01 -2.4005e+00 -6.8153e-01 +2.4443e-01 -2.1472e+00 +1.5267e+00 -3.5829e+00 +1.1340e+00 -3.0054e+00 +2.1618e+00 +1.6322e+00 -1.8486e+00 -1.6561e+00 +1.8557e+00 -4.1401e+00 -9.0313e-01 -1.1622e+00 +3.1634e+00 +9.1812e-01 +6.6389e-01
4 0 +3.537596900e+03 +3.669666900e+03 +3.669666900e+03 -4.1096e+00 -1.5129e+00 +3.4043e+00 -6.3592e-01 -9.3945e-01 -2.5985e+00 -8.3135e-02 +1.8764e+00 -1.4928e+00 +3.2944e+00 -3.7325e+00 +3.3635e+00 -1.5130e-01 +1.6936e+00 +4.7867e+00 -6.9043e-01 -1.5667e+00 -1.1941e+00 -1.3635e+00 -2.0122e-01
463 0 +3.247819282e+03 +3.379889282e+03 +3.379889282e+03 -2.4638e+00 -9.4415e-01 +3.5115e+00 +8.7166e-01 -5.5141e-01 -2.7427e+00 -1.1457e+00 +1.7407e+00 -1.0021e+00 +1.3222e+00 -3.6563e+00 +1.2376e+00 -5.5713e-01 +2.2574e+00 +2.6226e+00 -1.0661e+00 +2.1840e-01 +9.6908e-02 -2.2772e+00 -1.2986e+00
611 0 +1.646143840e+02 +2.966843840e+02 +2.966843840e+02 -4.1096e+00 -1.5129e+00 +3.4043e+00 -6.3592e-01 -9.3945e-01 -2.5985e+00 -8.3135e-02 +1.8764e+00 -1.4928e+00 +3.2944e+00 -3.7325e+00 +3.3635e+00 -1.5130e-01 +3.8742e-01 +4.7867e+00 -6.9043e-01 -1.5667e+00 -1.1941e+00 -1.3635e+00 -2.0122e-01
% f evaluations | g evaluations | best noise-free fitness - Fopt (9.725000000000e+01) + sum g_i+ | measured fitness | best measured fitness or single-digit g-values | x1 | x2...
1 0 +7.253228565e+06 +7.253325815e+06 +7.253325815e+06 -3.7102e+00 -3.1448e+00 -4.8817e-01 +2.8528e+00 +1.6452e+00 -3.3666e-01 +4.1150e+00 +2.0471e+00 +1.6166e+00 +1.3729e+00 -1.4594e+00 -6.9794e-01 +9.6111e-01 -2.0458e+00 -1.8478e+00 +9.0187e-01 +1.7427e+00 -1.1459e-02 +9.5987e-01 +1.1456e+00
2 0 +4.588007507e+06 +4.588104757e+06 +4.588104757e+06 -3.2019e+00 +9.1871e-01 -2.8849e+00 +1.6709e+00 -2.2473e-01 +1.1753e+00 +3.0651e-01 +1.2362e-01 +1.2814e+00 -1.5271e+00 -1.4753e+00 -9.8048e-01 -1.6910e+00 +2.4637e+00 -1.6886e+00 +2.0447e+00 -1.8547e+00 +1.9793e+00 -1.2175e+00 -1.4055e+00
6 0 +3.807459823e+06 +3.807557073e+06 +3.807557073e+06 +9.9313e-02 -6.2234e-01 +2.4172e+00 -7.3625e-02 -9.3215e-01 +1.0323e+00 +7.0459e-01 +1.5421e+00 +3.6289e+00 -6.3818e-01 +2.0615e+00 -1.4877e+00 -1.8784e+00 +3.3450e+00 -2.4155e+00 -1.5460e+00 +2.6680e-01 -1.1413e-01 -2.0723e+00 -1.9844e+00
8 0 +1.235513155e+05 +1.236485655e+05 +1.236485655e+05 -7.5404e-01 +2.0737e+00 +1.5024e+00 -1.8635e+00 +2.1670e+00 -2.2022e-01 +1.4767e+00 +5.8643e-01 +2.1339e+00 -2.5912e+00 +2.4386e+00 -1.4653e+00 -4.5219e-01 +4.2319e+00 -4.7201e-02 -2.6947e+00 +1.8195e+00 +1.4478e+00 -1.8574e-01 -5.9357e-01
9 0 +9.514686380e+03 +9.611936380e+03 +9.611936380e+03 -1.2959e+00 +2.1219e+00 +1.0376e+00 -1.6750e+00 +2.8778e+00 -2.1554e-01 +1.3648e+00 +5.2869e-02 +1.4073e+00 -2.2276e+00 +2.6765e+00 -1.8287e+00 -4.6423e-01 +4.1995e+00 +5.4666e-01 -2.3551e+00 +2.1272e+00 +1.6826e+00 +4.0248e-01 +1.9564e-01
12 0 +3.824593302e+03 +3.921843302e+03 +3.921843302e+03 -2.4240e+00 -1.8085e+00 +4.4095e+00 +3.7138e-01 +2.1869e+00 -1.3461e+00 +3.3470e+00 -4.5496e+00 -1.7809e+00 +2.7499e+00 +3.9202e+00 -2.3145e+00 +2.4337e-01 -4.5033e+00 -4.6662e-01 +2.0300e+00 -1.0032e-01 +1.9055e+00 -1.3534e+00 -4.8345e+00
58 0 +6.303607311e+02 +7.276107311e+02 +7.276107311e+02 +4.1128e+00 +1.7920e+00 +1.7548e+00 +2.7985e+00 +2.9548e+00 +6.2069e-01 +2.3303e+00 -1.9782e-02 +1.3648e+00 +4.0575e+00 -7.4163e-01 -3.2999e+00 -1.0171e+00 +2.0410e+00 -2.4592e+00 -6.0299e-01 -3.4179e+00 -1.4289e+00 -2.4531e+00 -2.1114e+00
% f evaluations | g evaluations | best noise-free fitness - Fopt (-2.033000000000e+01) + sum g_i+ | measured fitness | best measured fitness or single-digit g-values | x1 | x2...
1 0 +1.713495858e+06 +1.713475528e+06 +1.713475528e+06 +9.2835e-01 -3.1814e+00 -3.0253e+00 +4.3073e+00 +1.6242e+00 +2.0925e+00 +3.0767e+00 -8.5022e-03 +4.4392e+00 -1.3351e+00 -2.3534e+00 -1.3359e+00 -2.5052e+00 -1.0539e+00 +2.3167e+00 +1.6724e+00 +1.6917e+00 -2.1062e-01 -8.0491e-01 +1.3215e+00
2 0 +2.888980705e+05 +2.888777405e+05 +2.888777405e+05 +1.5944e+00 -1.3530e+00 -8.7615e-01 -4.0983e-01 -3.9913e+00 +6.5692e-01 -1.8876e+00 -2.8633e+00 -1.2882e+00 +1.0577e+00 +2.3835e+00 -2.0936e+00 +3.5096e+00 +3.3191e+00 +3.3002e+00 -3.6943e+00 +2.4688e-01 +2.0025e+00 -2.7496e+00 -2.3598e+00
4 0 +4.751540781e+02 +4.548240781e+02 +4.548240781e+02 -2.5373e+00 +1.5568e+00 +4.7833e-01 +3.7229e-01 +4.7324e-01 -2.8545e+00 -9.5607e-01 +2.8163e+00 +2.5313e+00 -2.9556e+00 +1.1241e+00 -5.8477e-01 +1.0979e+00 +1.8378e+00 +2.3625e+00 +3.1263e+00 -2.5686e+00 -2.0496e+00 +2.8801e+00 -1.0702e+00
% f evaluations | g evaluations | best noise-free fitness - Fopt (9.431000000000e+01) + sum g_i+ | measured fitness | best measured fitness or single-digit g-values | x1 | x2...
1 0 +3.043694639e+06 +3.043788949e+06 +3.043788949e+06 -1.5358e+00 -4.2227e+00 -2.1746e-01 +9.3820e-01 +2.3120e+00 +3.3092e+00 -2.0806e+00 +4.3549e-01 -3.5224e+00 -1.8343e-01 +1.5769e+00 +2.9496e+00 +2.6861e+00 -4.0496e-01 +1.4252e+00 +7.1241e-02 -3.1823e+00 +2.3711e+00 +3.7241e+00 -3.3946e-01
4 0 +3.638531720e+05 +3.639474820e+05 +3.639474820e+05 +1.0832e+00 -2.4478e-01 +3.8599e+00 +8.8046e-01 +1.0694e+00 -3.6623e+00 +3.0966e+00 +1.2729e+00 -2.1157e+00 -3.1474e+00 -3.1250e-01 -8.3786e-01 +1.8714e+00 +3.1470e+00 -7.5341e-01 +1.4430e+00 +3.1382e-02 +1.2331e+00 +1.5711e+00 -2.8230e+00
5 0 +3.121788693e+05 +3.122731793e+05 +3.122731793e+05 +1.0707e+00 -1.8476e-01 +3.8649e+00 +8.7990e-01 +9.9761e-01 -3.6787e+00 +3.1095e+00 +1.3157e+00 -2.1680e+00 -3.1219e+00 -3.1402e-01 -8.5013e-01 +1.8193e+00 +3.1565e+00 -7.2717e-01 +1.4432e+00 +2.7533e-02 +1.2585e+00 +1.5351e+00 -2.8042e+00
9 0 +1.672176478e+05 +1.673119578e+05 +1.673119578e+05 -2.2008e+00 -4.0601e+00 -1.1267e+00 +4.7204e+00 -3.9444e-02 +1.0903e+00 +4.6763e+00 -2.2415e+00 +3.7612e+00 +2.2166e+00 +3.1530e+00 +5.9913e-01 +3.6707e+00 -3.1490e+00 -2.8681e-01 +3.6811e+00 +1.7548e+00 -1.4457e+00 +1.5831e+00 -2.5464e-01
14 0 +8.279918425e+03 +8.374228425e+03 +8.374228425e+03 -2.8741e+00 +3.0096e+00 +3.6297e+00 +3.1249e+00 +2.3225e+00 -3.3139e+00 +4.6886e+00 -2.5723e-01 +3.6766e+00 +3.5742e+00 -1.4780e+00 -2.8493e+00 +3.6751e+00 -4.6689e+00 +1.6240e+00 +1.4024e+00 -2.2779e+00 +1.8317e+00 -4.1251e+00 -2.7269e+00
310 0 +6.726079406e+03 +6.820389406e+03 +6.820389406e+03 +9.3633e-01 -7.6968e-01 +1.5437e+00 -3.6635e-01 +3.2931e-01 +2.7046e-02 +1.1974e-01 +1.0649e+00 -3.1992e+00 -9.6315e-01 -1.5484e-01 -2.5035e+00 -1.0766e-02 +3.6877e-01 +1.2105e+00 +2.0251e+00 -4.2968e-01 +7.1967e-01 -1.6473e+00 -8.2133e-01
364 0 +4.484994544e+03 +4.579304544e+03 +4.579304544e+03 +9.3633e-01 -7.6968e-01 +1.4313e+00 -3.6635e-01 +3.2931e-01 +2.7046e-02 +1.1974e-01 +1.0649e+00 -3.1992e+00 -9.6315e-01 -1.5484e-01 -2.5035e+00 -1.0766e-02 +3.6877e-01 +1.2105e+00 +2.0251e+00 -4.2968e-01 +7.1967e-01 -1.6473e+00 -8.2133e-01
405 0 +3.899677895e+03 +3.993987895e+03 +3.993987895e+03 +5.5384e-03 -2.9028e+00 +2.4048e+00 +1.6236e+00 +8.5752e-01 +2.1487e+00 +1.5384e+00 +1.9299e+00 -1.2428e+00 -1.9659e+00 +1.6148e-01 -1.9802e+00 -1.3623e-01 +2.4335e-02 +1.7896e+00 +1.8166e+00 -3.2956e+00 -4.0580e-02 -1.0521e+00 -4.2131e-01
853 0 +1.308046140e+03 +1.402356140e+03 +1.402356140e+03 +7.2577e-01 -2.4484e+00 +1.1365e+00 +1.9772e-01 +1.2680e+00 +5.1813e-01 +4.9446e-01 +1.8598e+00 -2.6896e+00 -1.2978e-01 -1.2666e-01 -9.3263e-02 +7.0743e-01 -1.2147e+00 +9.9769e-01 +1.1278e+00 -2.3631e+00 +2.2719e+00 -7.9850e-02 +2.3785e-01
1010 0 +1.153954634e+03 +1.248264634e+03 +1.248264634e+03 +7.2577e-01 -2.4484e+00 +1.1365e+00 +1.9772e-01 +1.2680e+00 +5.1813e-01 +4.9446e-01 +1.8598e+00 -2.6896e+00 -1.2978e-01 -1.2666e-01 -9.3263e-02 +7.0743e-01 -1.2147e+00 +9.9769e-01 +1.1278e+00 -2.3631e+00 +2.2719e+00 -7.9850e-02 +2.2202e-01
1260 0 +7.863433125e+02 +8.806533125e+02 +8.806533125e+02 +4.0371e-01 -2.8559e+00 +9.0196e-01 +5.0033e-01 +1.5411e+00 +1.1276e+00 +1.3467e-01 +1.8085e+00 -3.0346e+00 -2.3399e-01 +3.1810e-01 +5.4444e-01 +9.8406e-01 -1.1113e+00 +1.0293e+00 +1.1601e+00 -2.6334e+00 +2.6216e+00 +7.0882e-01 +1.3413e-02
% f evaluations | g evaluations | best noise-free fitness - Fopt (-1.436900000000e+02) + sum g_i+ | measured fitness | best measured fitness or single-digit g-values | x1 | x2...
1 0 +5.260499352e+05 +5.259062452e+05 +5.259062452e+05 +2.4159e+00 +3.6136e+00 -2.2017e+00 -1.4643e+00 +4.0850e-01 -4.1609e-01 -2.6136e+00 -5.1218e-01 -2.3063e+00 +1.5146e+00 -1.2493e+00 -3.2957e+00 +6.3927e-02 +2.7784e+00 -3.7441e+00 -4.1177e-02 -7.4205e-01 -4.1315e+00 -1.9510e+00 -3.2126e+00
6 0 +4.996550022e+04 +4.982181022e+04 +4.982181022e+04 +1.6245e+00 -4.0679e-02 +1.7148e+00 -3.5570e+00 +2.4914e+00 -5.0439e-01 -2.2452e+00 -5.1668e-01 -4.5928e-01 -1.1628e+00 -3.8715e-03 +1.1944e+00 +1.6557e+00 -1.1322e+00 +1.7233e+00 -9.7108e-01 +3.0609e-01 -6.3483e-01 -1.4441e+00 +9.9243e-01
17 0 +5.580394548e+02 +4.143494548e+02 +4.143494548e+02 +1.5040e+00 +2.0709e+00 -1.2640e+00 +4.2536e-01 +4.9128e+00 -3.3544e+00 +1.1211e+00 +3.7451e+00 -1.4827e+00 -4.8088e+00 -1.3604e+00 -2.0550e+00 -8.4286e-01 -2.5941e+00 -3.2516e-01 +1.8859e+00 -4.5300e+00 -2.5637e+00 +1.4150e+00 +3.4681e+00
762 0 +3.809730034e+02 +2.372830034e+02 +2.372830034e+02 +1.8571e+00 +2.7044e+00 -7.8780e-01 +4.2806e-01 -1.0751e+00 -1.8073e+00 -1.4404e+00 -5.0142e-01 -2.0786e+00 +1.1111e-01 -6.8436e-03 -2.2976e+00 +2.3284e-01 +6.8905e-01 -1.8371e+00 +7.8779e-01 -2.3945e-02 -2.6186e+00 -7.9843e-01 -2.2890e+00
961 0 +2.233313446e+02 +7.964134465e+01 +7.964134465e+01 +1.8571e+00 +2.7044e+00 -7.8780e-01 +4.2806e-01 -1.0751e+00 -1.8073e+00 -1.4404e+00 -3.1184e-01 -2.0786e+00 +1.1111e-01 -6.8436e-03 -2.2976e+00 +2.3284e-01 +6.8905e-01 -1.8371e+00 +7.8779e-01 -2.3945e-02 -2.6186e+00 -7.9843e-01 -2.2890e+00
1361 0 +1.414516321e+02 -2.238367875e+00 -2.238367875e+00 +1.6495e+00 +2.5723e+00 -7.4221e-01 +1.5405e-02 -6.4846e-01 -1.5132e+00 -1.4229e+00 -5.5970e-01 -1.7045e+00 +2.9002e-01 -4.6980e-01 -1.9227e+00 +4.8875e-01 +1.0269e+00 -8.1195e-01 +2.4131e-01 +4.2177e-02 -2.3641e+00 -1.1479e+00 -2.0771e+00
% f evaluations | g evaluations | best noise-free fitness - Fopt (-3.533800000000e+02) + sum g_i+ | measured fitness | best measured fitness or single-digit g-values | x1 | x2...
1 0 +1.312238456e+07 +1.312203118e+07 +1.312203118e+07 -3.4908e+00 -1.4404e+00 -3.1633e+00 -1.2873e+00 -2.9809e+00 -3.0174e+00 +4.8752e-01 -9.8015e-01 +6.4946e-01 -6.9592e-01 +2.6230e-01 -1.6529e+00 -1.2359e+00 +8.8345e-01 -1.0404e+00 -2.4240e+00 -1.9311e+00 -4.1488e+00 -2.6619e+00 -2.9035e-01
4 0 +1.027957515e+07 +1.027922177e+07 +1.027922177e+07 -2.8325e+00 -3.9949e+00 -3.2012e+00 +5.4700e-01 -6.2109e-01 +2.2128e+00 -1.4580e+00 +3.4171e+00 -2.0759e+00 +4.3115e+00 +2.3848e+00 +2.8004e+00 -3.0149e+00 -1.3952e+00 -1.6916e+00 -1.2368e+00 +1.9594e+00 -2.4472e+00 -2.7080e+00 +4.5911e-01
7 0 +1.370370220e+04 +1.335032220e+04 +1.335032220e+04 +9.8390e-01 +1.2543e+00 +1.9868e+00 +1.0247e-01 +1.0435e+00 -3.4198e-01 -2.8577e+00 -2.2895e+00 -3.2794e+00 -1.9305e+00 +3.2437e-01 +1.9121e+00 -2.8424e+00 -2.9709e+00 -6.6026e-01 -3.0351e+00 +3.1519e+00 +2.0743e+00 -7.5206e-01 +2.2384e+00
17 0 +5.207104799e+02 +1.673304799e+02 +1.673304799e+02 +3.0052e+00 -3.1666e+00 -1.5458e+00 -7.5132e-01 -3.0695e+00 +1.2101e+00 -3.0220e+00 +1.0263e+00 -2.3569e+00 -2.9062e+00 +8.7801e-01 +4.5015e+00 +3.8147e+00 -2.0683e+00 -4.2115e+00 +4.0927e+00 +4.0841e+00 -1.7783e+00 -9.9689e-01 +5.7106e-01
% f evaluations | g evaluations | best noise-free fitness - Fopt (-2.910000000000e+00) + sum g_i+ | measured fitness | best measured fitness or single-digit g-values | x1 | x2...
1 0 +7.037412194e+06 +7.037409284e+06 +7.037409284e+06 -2.6863e-01 -4.5808e+00 -2.3256e+00 +2.9748e+00 -1.3972e+00 -5.9415e-01 -4.7028e-01 +1.3202e+00 +3.1917e-01 +8.3735e-01 -4.5419e+00 +9.0813e-01 -3.7590e+00 +2.1680e+00 -7.6218e-02 -2.4886e+00 -2.8714e+00 +5.7371e-01 -4.2496e-01 +1.7098e+00
2 0 +6.520340053e+06 +6.520337143e+06 +6.520337143e+06 -1.3804e+00 -2.8847e+00 +1.9831e+00 -4.6540e+00 -2.5850e+00 -3.2084e+00 -2.2913e+00 -1.1152e+00 +4.1226e+00 -4.4353e+00 +2.9285e+00 -2.5097e+00 +8.5036e-01 -1.7263e-01 -3.9633e+00 +4.0511e-01 -2.5660e+00 +2.2550e+00 +2.3911e+00 +1.4625e+00
3 0 +3.188845690e+06 +3.188842780e+06 +3.188842780e+06 +9.8325e-01 -1.3570e+00 +4.6944e+00 -2.0542e+00 -9.1737e-01 -1.7922e+00 +2.7020e+00 +1.7926e+00 +2.6353e+00 +1.3471e-01 -9.7358e-01 +1.2009e-01 +3.4903e+00 +3.2804e-01 -4.3152e+00 -1.8322e+00 +3.1849e-01 +2.0350e+00 -1.2302e+00 +3.0054e+00
4 0 +3.100134021e+06 +3.100131111e+06 +3.100131111e+06 -2.6719e-01 +1.6842e+00 +2.9935e+00 -1.2589e+00 -5.8125e-01 +1.3273e+00 -2.2411e+00 +7.2296e-01 -5.3419e-01 +2.0748e+00 +2.8365e-01 +3.9756e+00 -2.2083e+00 -3.7043e+00 -1.8192e+00 +2.8448e+00 +2.2047e+00 +2.0957e+00 +8.8265e-01 +8.9668e-01
5 0 +2.618538039e+06 +2.618535129e+06 +2.618535129e+06 +3.5850e+00 +1.3617e+00 +4.4319e+00 -9.1385e-01 +1.4953e+00 -3.9828e+00 -2.3415e+00 -2.2244e+00 -4.2423e+00 -3.2071e+00 +2.3835e-02 -4.0123e+00 +1.9786e+00 +1.6524e+00 +1.7116e+00 +4.2844e+00 +2.5650e-01 +3.6172e+00 +4.2105e+00 -3.1811e-01
6 0 +5.045251316e+05 +5.045222216e+05 +5.045222216e+05 +4.4867e-01 -3.6057e+00 -3.2635e+00 +1.0554e+00 -1.6237e+00 +4.6418e-01 -1.4891e+00 -9.1276e-01 +1.0640e+00 +8.5676e-01 -1.4430e+00 +3.8622e-01 -2.9573e+00 -5.3015e-01 -1.4661e+00 -1.1333e+00 -1.3254e+00 +1.6382e+00 -1.9539e-01 +6.0255e-01
7 0 +9.354577435e+04 +9.354286435e+04 +9.354286435e+04 +6.2544e-01 -3.3654e+00 -3.4947e+00 +5.8243e-01 -1.6796e+00 +7.2500e-01 -1.7401e+00 -1.4630e+00 +1.2476e+00 +8.6154e-01 -6.7932e-01 +2.5760e-01 -2.7598e+00 -1.1951e+00 -1.8087e+00 -7.9934e-01 -9.4445e-01 +1.9005e+00 -1.3881e-01 +3.2968e-01
17 0 +3.170544804e+04 +3.170253804e+04 +3.170253804e+04 +1.6357e+00 +4.1829e+00 +4.0987e+00 -9.0275e-01 +3.2807e+00 -4.4217e+00 +4.2346e+00 -1.6591e-01 -4.4258e+00 -8.1048e-01 -4.5232e+00 +3.2631e+00 +2.5342e+00 -3.4048e+00 -2.7129e+00 +2.6770e+00 +8.7193e-01 +3.2890e+00 +3.7101e+00 -1.8966e+00
35 0 +2.818844484e+04 +2.818553484e+04 +2.818553484e+04 -4.3084e+00 +2.9418e+00 +4.0105e-01 -3.7640e+00 -4.6062e+00 -3.3082e+00 -2.1572e+00 -3.0984e+00 -4.4036e+00 -2.1724e+00 +4.7954e+00 +3.1298e-01 +3.1193e+00 -3.4553e+00 +3.9988e+00 -3.9661e+00 -5.2652e-01 +3.0118e+00 +8.8373e-01 +3.0884e+00
204 0 +2.339384294e+02 +2.310284294e+02 +2.310284294e+02 +6.9611e-01 -2.3979e+00 -1.2075e+00 +1.8464e+00 +1.6521e+00 -2.3262e+00 +1.1785e+00 +2.2745e+00 -1.4819e+00 +1.7219e-01 -3.7731e+00 -1.2046e+00 +1.0760e-01 +1.9356e+00 -2.4679e-01 -2.4965e+00 +2.1787e-01 +2.7431e+00 -2.2624e+00 -1.1286e+00
506 0 +1.915335456e+02 +1.886235456e+02 +1.886235456e+02 -8.4630e-01 -3.4359e+00 -9.2078e-01 -8.5339e-01 +1.7596e-02 -2.2168e+00 -2.3319e+00 +9.1122e-01 +4.3185e-01 +1.7028e+00 -3.7797e+00 -9.0917e-01 -1.9761e+00 +4.3337e-01 +7.4396e-01 -2.3950e+00 +5.3810e-01 +1.6570e+00 +7.3456e-01 +1.4621e+00
% f evaluations | g evaluations | best noise-free fitness - Fopt (-2.970000000000e+00) + sum g_i+ | measured fitness | best measured fitness or single-digit g-values | x1 | x2...
1 0 +1.809626981e+07 +1.809626684e+07 +1.809626684e+07 -2.9062e+00 +2.9751e+00 +7.6129e-01 -4.2567e+00 -2.9053e+00 +4.2801e+00 -3.7103e+00 -2.6645e+00 +8.6625e-01 +3.0693e+00 -2.6705e+00 +2.2273e+00 -1.9909e+00 -9.9064e-02 -1.2106e+00 -6.8998e-01 -2.4696e-01 +9.6974e-01 +1.7148e-01 +5.6828e-01
3 0 +1.449408774e+07 +1.449408477e+07 +1.449408477e+07 -1.5782e+00 -4.2300e-01 +2.1806e+00 +1.8827e+00 +3.1031e+00 +1.5076e+00 +1.8379e+00 +1.0678e+00 -1.2290e+00 -3.5956e+00 -3.8244e-01 -9.8591e-01 -1.4267e-01 +7.1447e-01 +8.0227e-01 +3.2648e+00 -3.3073e+00 +1.7016e+00 -9.0464e-01 -1.8740e+00
4 0 +2.402644437e+06 +2.402641467e+06 +2.402641467e+06 +1.7848e+00 +1.4526e+00 +3.4386e+00 +1.2627e+00 -7.7628e-01 -8.1936e-01 +2.1346e+00 -2.7130e+00 +4.8463e-01 -2.3099e+00 -2.4425e+00 +4.6356e-01 -1.3829e+00 -4.4198e+00 +1.9704e+00 -4.7069e-01 -1.7241e+00 -2.7995e+00 -1.9390e+00 -7.0469e-01
5 0 +1.804156103e+06 +1.804153133e+06 +1.804153133e+06 +1.9657e+00 +1.1188e+00 +3.3701e+00 +1.2856e+00 -4.9738e-01 -9.3345e-01 +2.0791e+00 -2.9863e+00 -1.6113e-02 -2.3410e+00 -2.2491e+00 -4.7520e-02 -1.6601e+00 -4.3695e+00 +2.0363e+00 -2.9165e-01 -1.5210e+00 -2.6945e+00 -1.8300e+00 -9.5463e-01
6 0 +1.601635466e+06 +1.601632496e+06 +1.601632496e+06 +3.1140e+00 +1.4164e+00 -1.2650e+00 -1.9745e+00 -2.3417e+00 -4.1168e+00 +2.0068e-02 -5.5708e-01 +2.1522e+00 -3.5181e+00 -4.0009e+00 +4.1271e-01 +7.5064e-01 +3.7781e+00 -2.0413e+00 -4.2505e+00 -1.8975e+00 -1.8939e+00 +1.5169e+00 +1.5401e+00
9 0 +4.705651828e+05 +4.705622128e+05 +4.705622128e+05 +2.0882e+00 -1.5065e+00 -1.3436e+00 +4.4383e+00 -9.4471e-01 +3.7433e+00 -3.0739e+00 -3.8210e+00 -1.0872e+00 -1.8950e+00 -1.1488e+00 -4.3911e-01 +2.2681e+00 +1.9427e+00 +3.6933e+00 +2.7067e+00 +2.5125e+00 -1.0617e+00 +2.1005e+00 -6.2949e-01
16 0 +1.223353296e+03 +1.220383296e+03 +1.220383296e+03 +5.2282e-01 -8.7836e-04 -1.3110e+00 -8.4842e-01 +1.3343e+00 -7.0112e-01 -8.2788e-01 +3.5856e+00 -3.6455e+00 +4.1171e+00 +3.0526e+00 +4.4504e+00 +2.9179e+00 -4.3367e+00 +3.6726e+00 -1.7095e+00 -3.3193e+00 -4.0425e+00 -4.9010e+00 +3.1341e+00
46 0 +8.158577245e+02 +8.128877245e+02 +8.128877245e+02 -1.6717e-01 +3.2615e+00 -3.0190e+00 -4.9938e+00 +4.5857e+00 -2.0683e+00 +1.4767e+00 -3.8274e+00 +2.4087e+00 +3.8092e+00 -4.8545e+00 -3.5886e+00 +3.7888e-01 -3.9887e+00 -4.1070e+00 +3.6821e-01 +3.3327e+00 -2.4928e+00 -2.1729e+00 +1.0815e+00
% f evaluations | g evaluations | best noise-free fitness - Fopt (2.996300000000e+02) + sum g_i+ | measured fitness | best measured fitness or single-digit g-values | x1 | x2...
1 0 +2.600436493e+06 +2.600736123e+06 +2.600736123e+06 +1.6841e+00 +2.8498e+00 -1.2147e+00 +2.4566e+00 -1.6718e+00 -2.6711e+00 +9.0803e-01 +1.3730e+00 -1.9442e+00 -9.6741e-02 -6.9765e-01 -7.6957e-01 +1.2315e+00 -2.3703e+00 +3.6707e+00 -6.1806e-01 +4.0464e+00 +2.1513e+00 +2.8930e+00 +2.8300e-01
6 0 +8.965929788e+05 +8.968926088e+05 +8.968926088e+05 +1.4536e+00 -4.2143e-01 -9.6194e-01 +8.3503e-01 +3.0088e+00 -1.9943e-02 +7.3458e-01 -2.1460e+00 +1.0821e-01 -4.0328e-01 +3.1751e+00 +4.1219e-02 +1.2416e+00 +3.0106e+00 +2.4073e+00 -1.7819e+00 -2.2992e+00 -1.8202e+00 -6.2837e-01 -2.0876e+00
7 0 +5.069708963e+05 +5.072705263e+05 +5.072705263e+05 +2.9685e-01 +9.2952e-01 +4.4870e-02 -7.8231e-01 +2.7992e+00 +1.7162e+00 +1.5996e+00 -1.7742e+00 +7.6853e-01 -1.2326e+00 +2.7730e+00 -2.7159e-01 +2.3856e+00 +3.5298e+00 +1.1536e+00 -1.6719e+00 -2.2625e+00 -1.1890e+00 -1.7629e+00 -2.5083e+00
28 0 +1.397931617e+05 +1.400927917e+05 +1.400927917e+05 +4.3047e+00 +2.5872e+00 -2.7925e+00 -4.4527e+00 -4.0053e+00 -4.2629e+00 +3.4995e+00 -4.8142e-01 -2.9571e+00 -2.1924e+00 +4.9211e-01 -4.6323e+00 -1.3907e+00 +8.9531e-01 -9.6271e-01 -4.6851e-01 +3.4380e+00 -2.7699e+00 -3.0700e+00 -4.7827e+00
161 0 +4.968951847e+04 +4.998914847e+04 +4.998914847e+04 +4.1345e+00 -4.1414e+00 +3.5102e+00 -1.8238e+00 +4.3574e+00 +3.9984e+00 -1.6738e+00 +3.8947e+00 +4.1608e+00 -2.3206e+00 +2.0794e+00 -3.2340e+00 -2.0000e+00 +8.6697e-01 +1.1509e+00 +4.5335e-01 -1.4173e+00 -6.9145e-01 -1.0715e+00 -4.1219e+00
659 0 +1.621041569e+04 +1.651004569e+04 +1.651004569e+04 +3.5061e+00 -2.2304e+00 +2.3616e+00 -7.0606e-01 +2.9403e+00 +2.2017e+00 -1.0096e+00 +2.9453e+00 +2.3041e+00 -1.4527e+00 +2.9516e+00 -2.7405e+00 -1.0752e+00 +9.6582e-01 +1.5078e+00 +2.9374e-01 -1.8907e-01 -2.7056e-01 -9.2554e-02 -2.8499e+00
