% f evaluations | g evaluations | best noise-free fitness - Fopt (7.627000000000e+01) + sum g_i+ | measured fitness | best measured fitness or single-digit g-values | x1 | x2...
1 0 +2.041334168e+06 +2.041410438e+06 +2.041410438e+06 -4.6847e-01 -1.4907e+00 +6.5142e-01 +1.7343e+00 -3.1502e-01
3 0 +1.961961188e+06 +1.962037458e+06 +1.962037458e+06 +3.7640e+00 -1.5417e+00 +3.8289e+00 +2.2597e+00 +2.6273e+00
8 0 +1.932309737e+05 +1.933072437e+05 +1.933072437e+05 -1.4677e+00 -3.2371e+00 +1.7140e+00 +1.5726e+00 +7.0906e-01
22 0 +2.472965660e+02 +3.235665660e+02 +3.235665660e+02 -3.0902e+00 -3.1819e+00 -3.3605e+00 -1.1510e+00 +3.2210e+00
212 0 +1.226642780e+02 +1.989342780e+02 +1.989342780e+02 -2.8781e+00 -1.6463e-01 -6.7142e-01 -4.3834e+00 -9.8763e-01
% f evaluations | g evaluations | best noise-free fitness - Fopt (-2.255000000000e+01) + sum g_i+ | measured fitness | best measured fitness or single-digit g-values | x1 | x2...
1 0 +2.506186693e+06 +2.506164143e+06 +2.506164143e+06 -1.9151e+00 +1.7496e+00 +8.2901e-02 +1.7642e+00 -1.4825e+00
2 0 +1.111652281e+06 +1.111629731e+06 +1.111629731e+06 +1.5895e+00 +2.8904e+00 -8.4819e-01 +6.4269e-01 +1.0738e+00
6 0 +2.326784050e+05 +2.326558550e+05 +2.326558550e+05 +1.7166e+00 +2.2903e+00 +1.9472e-01 +6.1159e-01 +9.7459e-01
7 0 +1.894224857e+05 +1.893999357e+05 +1.893999357e+05 +1.7802e+00 +2.0015e+00 +6.0254e-01 +5.3916e-01 +1.2107e+00
13 0 +7.039863429e+03 +7.017313429e+03 +7.017313429e+03 +1.0700e+00 +2.7250e+00 -7.4245e-01 -4.6670e+00 -2.8362e+00
% f evaluations | g evaluations | best noise-free fitness - Fopt (1.366000000000e+01) + sum g_i+ | measured fitness | best measured fitness or single-digit g-values | x1 | x2...
1 0 +1.646901601e+07 +1.646902967e+07 +1.646902967e+07 +2.3751e+00 -1.2134e+00 -2.1873e-01 +2.0108e+00 +2.1373e+00
2 0 +1.553150063e+07 +1.553151429e+07 +1.553151429e+07 -1.6192e+00 -2.4623e+00 -5.8575e-01 +1.9623e-01 -6.3655e-02
4 0 +1.207493719e+07 +1.207495085e+07 +1.207495085e+07 +8.0294e-01 +1.1973e+00 +1.4586e+00 -8.2387e-01 +3.4699e+00
6 0 +2.681247768e+06 +2.681261428e+06 +2.681261428e+06 +2.3072e+00 +2.9855e+00 -1.8139e+00 -2.2146e+00 +7.4186e-01
18 0 +1.346479016e+05 +1.346615616e+05 +1.346615616e+05 -3.3984e+00 -1.6405e+00 +1.5289e+00 +1.2071e+00 -4.9224e+00
33 0 +1.169744016e+05 +1.169880616e+05 +1.169880616e+05 +3.1153e+00 -2.0887e-01 +2.5428e+00 +3.1476e+00 -3.7284e+00
312 0 +3.675387130e+03 +3.689047130e+03 +3.689047130e+03 -1.0612e-01 -3.5783e-01 -3.4938e-01 +1.0527e+00 -4.9918e+00
% f evaluations | g evaluations | best noise-free fitness - Fopt (9.378400000000e+02) + sum g_i+ | measured fitness | best measured fitness or single-digit g-values | x1 | x2...
1 0 +7.649137466e+06 +7.650075306e+06 +7.650075306e+06 -2.6909e+00 -2.3137e+00 -5.2558e-01 +9.8595e-01 +2.5049e-01
2 0 +1.831920821e+06 +1.832858661e+06 +1.832858661e+06 +7.7260e-01 +4.2933e+00 -3.5945e-01 -8.8333e-01 -1.7544e+00
4 0 +7.163497352e+05 +7.172875752e+05 +7.172875752e+05 -6.8734e-01 -2.0781e+00 -6.1442e-01 -1.2257e-01 -5.9824e-01
14 0 +2.484881070e+05 +2.494259470e+05 +2.494259470e+05 -3.6663e+00 -2.4720e-01 -4.8927e+00 -2.2792e+00 +2.1143e+00
17 0 +1.719926930e+05 +1.729305330e+05 +1.729305330e+05 -2.0189e+00 +3.2225e-01 +3.9515e+00 -4.0102e+00 -9.0637e-01
57 0 +1.302623524e+05 +1.312001924e+05 +1.312001924e+05 +5.9714e-01 -1.9271e+00 -6.7137e-01 -8.3325e-01 -1.1424e+00
163 0 +5.092324571e+04 +5.186108571e+04 +5.186108571e+04 -3.8526e-02 +2.1356e+00 -4.6020e-01 -6.5772e-01 -1.5782e+00
204 0 +2.052109379e+04 +2.145893379e+04 +2.145893379e+04 -1.8775e+00 +7.4249e-01 -3.4098e+00 -1.3166e+00 +1.3814e+00
252 0 +1.033914946e+04 +1.127698946e+04 +1.127698946e+04 -1.5461e+00 +1.1285e+00 -2.3022e+00 -1.2846e+00 -4.3773e-02
408 0 +3.909353699e+03 +4.847193699e+03 +4.847193699e+03 -8.0154e-01 +1.5353e-01 -7.4813e-01 -1.1552e+00 +4.6221e-02
455 0 +2.468992543e+03 +3.406832543e+03 +3.406832543e+03 +2.7164e-01 -4.1107e-01 -1.5046e+00 +5.0571e-01 -5.3256e-01
% f evaluations | g evaluations | best noise-free fitness - Fopt (-7.872000000000e+01) + sum g_i+ | measured fitness | best measured fitness or single-digit g-values | x1 | x2...
1 0 +7.176328872e+06 +7.176250152e+06 +7.176250152e+06 +5.4352e-01 -3.0440e-01 +2.6464e+00 -1.4912e+00 -3.4574e-01
2 0 +4.732685457e+06 +4.732606737e+06 +4.732606737e+06 +9.6978e-01 +1.2564e+00 -1.7376e+00 +3.0289e+00 -3.3551e+00
4 0 +2.422834755e+06 +2.422756035e+06 +2.422756035e+06 +1.0597e-01 +2.7563e-01 +3.2685e+00 +2.1390e+00 +2.5754e+00
5 0 +1.458901816e+06 +1.458823096e+06 +1.458823096e+06 +1.3464e-01 -1.5355e+00 +3.0402e+00 +2.4251e+00 +1.3142e+00
20 0 +1.429984049e+06 +1.429905329e+06 +1.429905329e+06 +3.7018e+00 -1.4184e+00 +2.0014e+00 +1.9849e+00 +1.3549e+00
33 0 +2.694836033e+05 +2.694048833e+05 +2.694048833e+05 +1.4414e-01 -2.9968e+00 -4.3396e+00 -1.1546e+00 +3.7154e+00
59 0 +2.768697132e+04 +2.760825132e+04 +2.760825132e+04 -2.0883e+00 +3.5998e-01 -2.7758e+00 +4.8545e-01 -2.9306e+00
63 0 +8.732077387e+03 +8.653357387e+03 +8.653357387e+03 -3.1105e+00 +1.6296e+00 -3.6069e+00 -1.3111e+00 +1.2522e+00
261 0 +6.994738345e+03 +6.916018345e+03 +6.916018345e+03 +3.2109e-01 -7.6896e-01 -8.3265e-01 +2.0924e-01 +2.2839e-01
264 0 +3.343056695e+03 +3.264336695e+03 +3.264336695e+03 +9.1766e-01 -7.6896e-01 -8.3265e-01 +2.0924e-01 +8.6986e-02
454 0 +7.454612911e+01 -4.173870894e+00 -4.173870894e+00 +1.5714e+00 -2.9591e+00 -4.4741e+00 -9.1412e-01 +7.2482e-01
% f evaluations | g evaluations | best noise-free fitness - Fopt (-4.151000000000e+01) + sum g_i+ | measured fitness | best measured fitness or single-digit g-values | x1 | x2...
1 0 +1.955798986e+06 +1.955757476e+06 +1.955757476e+06 +7.9738e-01 -7.7885e-01 -6.8898e-01 +1.0731e+00 -1.5078e+00
3 0 +6.772146717e+02 +6.357046717e+02 +6.357046717e+02 +2.9275e+00 -2.2997e+00 -2.2003e+00 +1.8493e-01 +5.1330e-01
107 0 +1.342289969e+02 +9.271899688e+01 +9.271899688e+01 +1.9200e+00 -1.4866e+00 -1.0434e+00 -8.2967e-01 +1.6653e-01
308 0 +4.692183063e+01 +5.411830632e+00 +5.411830632e+00 +1.8887e+00 -1.4411e+00 -1.0770e+00 -8.2651e-01 +1.9085e-01
% f evaluations | g evaluations | best noise-free fitness - Fopt (1.320700000000e+02) + sum g_i+ | measured fitness | best measured fitness or single-digit g-values | x1 | x2...
1 0 +1.824546251e+04 +1.837753251e+04 +1.837753251e+04 -5.0026e-01 +1.0949e+00 -1.7864e+00 -5.6112e-01 -8.7813e-01
16 0 +3.588318939e+03 +3.720388939e+03 +3.720388939e+03 +2.3417e+00 +1.9219e+00 +3.9974e+00 -1.8769e+00 +3.5850e+00
% f evaluations | g evaluations | best noise-free fitness - Fopt (9.725000000000e+01) + sum g_i+ | measured fitness | best measured fitness or single-digit g-values | x1 | x2...
1 0 +1.571646576e+06 +1.571743826e+06 +1.571743826e+06 -1.7385e+00 +9.8311e-01 +9.9907e-02 +5.2090e-01 +7.1288e-01
5 0 +3.911413293e+04 +3.921138293e+04 +3.921138293e+04 +1.3314e-01 +1.4344e+00 +1.1964e+00 +2.9035e+00 -1.9627e+00
7 0 +3.639617156e+04 +3.649342156e+04 +3.649342156e+04 +2.8770e+00 +2.2237e+00 +1.4555e+00 +3.3499e-01 -1.4036e+00
32 0 +4.420404369e+02 +5.392904369e+02 +5.392904369e+02 +3.8254e+00 +2.4786e+00 +1.7341e+00 +2.9680e-01 -1.8385e+00
410 0 +1.739895186e+02 +2.712395186e+02 +2.712395186e+02 -4.0139e+00 +4.6874e+00 +7.2656e-01 -6.4456e-02 -5.7779e-01
459 0 +6.598266929e+01 +1.632326693e+02 +1.632326693e+02 -4.0029e+00 +4.6733e+00 +7.2484e-01 -6.5738e-02 -5.7620e-01
% f evaluations | g evaluations | best noise-free fitness - Fopt (-2.033000000000e+01) + sum g_i+ | measured fitness | best measured fitness or single-digit g-values | x1 | x2...
1 0 +1.071443014e+06 +1.071422684e+06 +1.071422684e+06 -3.2619e+00 -1.6238e+00 +2.8401e-01 -9.7498e-01 -1.8324e-02
4 0 +6.194199567e+05 +6.193996267e+05 +6.193996267e+05 +1.3789e+00 +2.6404e+00 -1.7080e+00 -1.5901e-02 -9.0520e-03
6 0 +4.815804301e+05 +4.815601001e+05 +4.815601001e+05 +1.3567e+00 +2.6536e+00 -1.8967e+00 +1.1408e-01 +1.3475e-01
8 0 +3.429281833e+03 +3.408951833e+03 +3.408951833e+03 -2.0071e+00 -1.8834e+00 +1.1690e+00 -2.4605e+00 +2.5751e+00
% f evaluations | g evaluations | best noise-free fitness - Fopt (9.431000000000e+01) + sum g_i+ | measured fitness | best measured fitness or single-digit g-values | x1 | x2...
1 0 +2.734506098e+06 +2.734600408e+06 +2.734600408e+06 +1.0670e-01 -1.5663e+00 +1.1161e-01 +2.3714e-01 +1.7475e+00
5 0 +4.936783693e+05 +4.937726793e+05 +4.937726793e+05 +1.1057e-01 -6.2855e-01 -2.9276e+00 +9.4431e-01 +2.3939e+00
8 0 +4.519360979e+05 +4.520304079e+05 +4.520304079e+05 -1.3470e+00 -4.1902e-01 -2.0927e-02 -1.2687e+00 -1.4679e+00
17 0 +1.930450566e+05 +1.931393666e+05 +1.931393666e+05 -1.6172e+00 +1.2677e-01 +1.5690e-01 -1.9405e+00 -2.3792e+00
27 0 +7.558374056e+04 +7.567805056e+04 +7.567805056e+04 -3.1279e+00 -4.2544e+00 -2.9856e+00 -3.7164e+00 -1.6651e+00
38 0 +1.090792505e+03 +1.185102505e+03 +1.185102505e+03 -3.1474e-01 +4.1321e+00 +4.8590e+00 +1.3841e+00 +4.8812e+00
% f evaluations | g evaluations | best noise-free fitness - Fopt (-1.436900000000e+02) + sum g_i+ | measured fitness | best measured fitness or single-digit g-values | x1 | x2...
1 0 +5.250745487e+05 +5.249308587e+05 +5.249308587e+05 +9.2759e-01 -1.3037e+00 +2.9392e-01 -1.4508e+00 +3.0435e-02
4 0 +4.990024986e+05 +4.988588086e+05 +4.988588086e+05 +2.3432e+00 +5.5912e-01 +1.4767e+00 -1.0013e+00 -2.0818e+00
7 0 +9.287286887e+03 +9.143596887e+03 +9.143596887e+03 +6.5630e-01 +2.0110e+00 -2.9050e+00 -9.4668e-01 -1.2494e+00
106 0 +7.771986495e+02 +6.335086495e+02 +6.335086495e+02 -2.4414e+00 +3.3533e+00 +7.3899e-01 +4.6243e-01 -5.8544e-01
114 0 +1.867565690e+01 -1.250143431e+02 -1.250143431e+02 +6.5630e-01 +2.0110e+00 -1.9831e-01 -9.4668e-01 -1.2494e+00
% f evaluations | g evaluations | best noise-free fitness - Fopt (-3.533800000000e+02) + sum g_i+ | measured fitness | best measured fitness or single-digit g-values | x1 | x2...
1 0 +2.192501403e+07 +2.192466065e+07 +2.192466065e+07 -1.6606e+00 -1.0447e+00 -2.6513e+00 +8.1901e-02 -9.0401e-01
2 0 +3.933793623e+06 +3.933440243e+06 +3.933440243e+06 -6.5822e-01 -2.4086e+00 +1.9532e+00 -2.3720e+00 +5.6587e-01
5 0 +4.555354163e+04 +4.520016163e+04 +4.520016163e+04 -2.2706e+00 +1.7430e+00 +1.7975e+00 -2.6818e+00 +9.5988e-01
11 0 +4.197121050e+04 +4.161783050e+04 +4.161783050e+04 -2.4772e+00 +6.5787e-01 +2.7581e+00 -1.9262e+00 +2.5418e+00
32 0 +1.721328501e+04 +1.685990501e+04 +1.685990501e+04 -3.6714e+00 +2.7629e+00 -1.9871e+00 -1.9807e+00 +3.6341e+00
% f evaluations | g evaluations | best noise-free fitness - Fopt (-2.910000000000e+00) + sum g_i+ | measured fitness | best measured fitness or single-digit g-values | x1 | x2...
1 0 +2.642792202e+07 +2.642791911e+07 +2.642791911e+07 +1.4735e+00 +2.2883e-01 -1.1106e+00 -1.6390e+00 +1.1799e+00
2 0 +1.922859731e+07 +1.922859440e+07 +1.922859440e+07 +2.5292e+00 -1.2412e+00 -2.5423e-01 +6.2915e-01 -5.8356e-01
6 0 +1.364802416e+07 +1.364802125e+07 +1.364802125e+07 +1.0020e+00 -1.6340e-01 +6.8686e-01 -2.8914e+00 -3.7925e+00
15 0 +5.380184277e+06 +5.380181367e+06 +5.380181367e+06 -1.0593e+00 -1.9710e-01 +3.4390e+00 -1.8452e+00 +1.0683e+00
16 0 +1.554942739e+04 +1.554651739e+04 +1.554651739e+04 -1.1110e+00 +3.6896e+00 +4.1160e+00 -8.3242e-01 -3.9986e+00
22 0 +4.196932506e+03 +4.194022506e+03 +4.194022506e+03 +2.7443e+00 +2.6791e+00 +3.2391e+00 -3.1011e+00 -4.0643e+00
% f evaluations | g evaluations | best noise-free fitness - Fopt (-2.970000000000e+00) + sum g_i+ | measured fitness | best measured fitness or single-digit g-values | x1 | x2...
1 0 +7.509526387e+06 +7.509523417e+06 +7.509523417e+06 -1.4575e+00 +1.8949e+00 -1.1326e+00 -1.6143e+00 -5.6109e-01
2 0 +1.016536518e+06 +1.016533548e+06 +1.016533548e+06 +3.1141e+00 -1.9320e+00 +3.8370e+00 +1.5465e+00 +1.2813e+00
3 0 +7.589490564e+05 +7.589460864e+05 +7.589460864e+05 +2.4988e+00 -2.1957e+00 +3.6937e-01 +3.5342e+00 -1.3115e+00
5 0 +4.145704251e+05 +4.145674551e+05 +4.145674551e+05 +2.7406e+00 +1.2070e+00 +2.7903e+00 -2.9994e+00 -3.1811e+00
6 0 +1.411442365e+05 +1.411412665e+05 +1.411412665e+05 -1.6350e+00 -1.9752e+00 +1.5692e+00 +2.5109e+00 -1.1521e+00
16 0 +1.644424623e+04 +1.644127623e+04 +1.644127623e+04 +3.9123e+00 +4.1881e+00 -1.5851e+00 +2.4158e+00 -4.8213e+00
23 0 +1.866852150e+03 +1.863882150e+03 +1.863882150e+03 +4.8719e+00 +8.7049e-02 +2.8160e+00 -4.4744e+00 -6.9800e-01
255 0 +8.307070094e+02 +8.277370094e+02 +8.277370094e+02 -5.5451e-01 -3.6555e-01 +1.2849e+00 +9.4834e-01 -2.4227e+00
% f evaluations | g evaluations | best noise-free fitness - Fopt (2.996300000000e+02) + sum g_i+ | measured fitness | best measured fitness or single-digit g-values | x1 | x2...
1 0 +3.021178444e+06 +3.021478074e+06 +3.021478074e+06 -1.0669e+00 +2.5361e+00 -4.3692e-01 +6.5206e-01 -5.8479e-01
2 0 +2.501226645e+05 +2.504222945e+05 +2.504222945e+05 +3.4221e+00 +1.2590e+00 -2.1257e+00 -2.3866e+00 +1.9748e+00
22 0 +5.047007647e+03 +5.346637647e+03 +5.346637647e+03 -2.2976e+00 +1.2597e+00 -4.6534e+00 -1.1058e+00 +3.9789e+00
41 0 +1.337392220e+03 +1.637022220e+03 +1.637022220e+03 +4.3788e+00 -8.7941e-01 +3.9301e+00 +3.6130e+00 +3.6357e+00
