% f evaluations | g evaluations | best noise-free fitness - Fopt (7.948000000000e+01) + sum g_i+ | measured fitness | best measured fitness or single-digit g-values | x1 | x2...
1 0 +1.620923409e+02 +2.415723409e+02 +2.415723409e+02 -4.6417e+00 +4.7657e-01 -1.6659e+00 +3.3289e+00 +2.3851e+00 -8.6893e-01 -2.2786e+00 +6.6746e-01 +1.8676e+00 -9.9255e-01 -4.7837e-01 +7.2084e-01 +1.3299e+00 -6.3829e-01 -7.5142e-02 +1.2134e+00 +1.1422e+00 -3.6317e-01 -3.9031e+00 +1.4469e+00
8 0 +1.498867729e+02 +2.293667729e+02 +2.293667729e+02 +1.6384e+00 +1.1520e-01 -2.1711e+00 +1.8432e+00 -3.6932e+00 -4.4086e-02 +3.2175e+00 -6.2841e-01 +4.2231e+00 -2.9859e+00 +3.1319e-01 -1.5091e+00 -2.1922e+00 +1.9044e+00 -1.4854e-01 -9.7715e-01 +3.4760e+00 -1.4439e+00 +1.3289e+00 -2.9869e-01
9 0 +1.389056185e+02 +2.183856185e+02 +2.183856185e+02 -1.3760e+00 +1.2957e+00 +1.1721e+00 +3.0784e+00 -2.2163e+00 +3.4808e+00 +4.4016e+00 +1.6839e+00 +2.9598e+00 -1.7913e+00 -3.1105e+00 -1.3679e+00 -1.4751e+00 +2.6926e+00 +5.3664e-01 -2.2728e+00 -4.0841e-01 -3.4841e+00 +1.0793e-01 -8.7580e-02
102 0 +1.143954952e+02 +1.938754952e+02 +1.938754952e+02 +2.0792e+00 +2.2702e-01 +3.0003e+00 +1.4586e+00 -1.0397e+00 +5.5614e-01 -6.1815e-01 -3.0655e+00 -1.1326e+00 -1.7750e+00 -1.2226e+00 +2.6021e-01 -4.7965e-01 +2.0242e-01 +4.3812e-01 -1.8088e-01 +4.9718e-01 -2.8736e+00 -2.4318e+00 -3.4580e+00
354 0 +1.120270041e+02 +1.915070041e+02 +1.915070041e+02 -2.0196e+00 -2.4552e-01 -8.4451e-01 +1.8842e+00 +2.2735e+00 -1.8575e-01 -1.1759e+00 +3.4023e-01 +5.3937e-01 -1.7221e+00 -8.8278e-01 +5.2569e-01 +1.1527e+00 -6.9517e-01 +3.2399e-01 +1.8111e-01 +1.4459e+00 -5.2042e-01 -2.8646e+00 -9.0314e-02
355 0 +9.984275954e+01 +1.793227595e+02 +1.793227595e+02 +2.7156e-01 -8.7650e-01 -1.2678e-01 +6.2178e-01 +2.1760e+00 +4.1122e-01 -2.1228e-01 +5.4290e-02 -6.2131e-01 -2.3596e+00 -1.2362e+00 +3.5516e-01 +9.9782e-01 -7.4487e-01 +6.7276e-01 -7.2092e-01 +1.7112e+00 -6.5783e-01 -1.9571e+00 -1.4335e+00
603 0 +9.358530544e+01 +1.730653054e+02 +1.730653054e+02 -2.1781e-02 +5.9633e-01 +1.8805e+00 +1.9774e+00 -1.4237e+00 +1.4425e+00 +2.2726e+00 +2.4780e-01 -2.9666e-01 -8.6396e-01 -1.6618e+00 -5.0479e-01 -1.3493e+00 +1.2539e+00 +7.6483e-02 -4.7106e-01 -4.4193e-01 -4.2806e-01 -5.5727e-01 -8.3714e-01
661 0 +9.273432774e+01 +1.722143277e+02 +1.722143277e+02 -2.1781e-02 +5.9633e-01 +1.8805e+00 +1.9774e+00 -1.4237e+00 +1.4425e+00 +2.2726e+00 +2.4780e-01 -2.9666e-01 -8.6396e-01 -1.6618e+00 -5.0479e-01 -1.3493e+00 +8.8594e-01 +7.6483e-02 -4.7106e-01 -4.4193e-01 -4.2806e-01 -5.5727e-01 -8.3714e-01
1612 0 +8.750142706e+01 +1.669814271e+02 +1.669814271e+02 -1.0082e+00 -7.4081e-01 -8.4204e-01 +9.3300e-01 +2.1320e+00 -1.4965e-01 -4.2348e-01 +8.0702e-01 +1.5523e-01 -1.6342e+00 -7.9014e-01 +4.5165e-01 +1.0257e+00 -5.5759e-01 +4.5988e-01 -2.4132e-01 +6.4703e-01 -2.6324e-01 -1.9999e-01 -2.8693e-01
1712 0 +8.687032357e+01 +1.663503236e+02 +1.663503236e+02 -7.2643e-01 -7.4081e-01 -8.4204e-01 +9.3300e-01 +2.1320e+00 -1.4965e-01 -4.2348e-01 +8.0702e-01 +1.5523e-01 -1.6342e+00 -7.9014e-01 +4.5165e-01 +1.0257e+00 -5.5759e-01 +4.5988e-01 -2.4132e-01 +6.4703e-01 -2.6324e-01 -1.9999e-01 -2.8693e-01
% f evaluations | g evaluations | best noise-free fitness - Fopt (3.944800000000e+02) + sum g_i+ | measured fitness | best measured fitness or single-digit g-values | x1 | x2...
1 0 +2.364841827e+02 +6.309641827e+02 +6.309641827e+02 -3.1616e+00 -3.4186e+00 +4.1651e+00 +6.4128e-01 +6.2362e-01 +1.8854e-01 -2.7700e+00 +4.0126e-01 -2.2186e-01 -1.7599e+00 +3.1369e+00 -3.4755e+00 -1.8985e+00 +1.5379e-01 +1.6953e+00 +5.4307e-01 +1.1059e+00 -1.4724e+00 -1.1705e+00 +3.4978e+00
4 0 +2.242011956e+02 +6.186811956e+02 +6.186811956e+02 -1.6317e+00 -1.5199e+00 +3.5098e+00 -1.2315e-02 +1.0732e+00 +6.8824e-03 -2.1623e+00 +6.7043e-01 -3.9132e-01 -1.9025e+00 +1.9151e+00 -2.0943e+00 -2.4145e+00 -4.7189e-01 +1.6037e+00 -1.0447e+00 +4.4145e-01 -2.4101e+00 -3.0726e-01 +1.7469e+00
6 0 +2.132583658e+02 +6.077383658e+02 +6.077383658e+02 -5.9537e-01 -2.9067e+00 -3.2715e+00 +1.5696e+00 -3.9501e+00 -2.8941e+00 -1.6706e+00 +1.3809e+00 -4.6298e+00 -4.1548e+00 +7.9346e-01 -1.5178e+00 -1.6896e+00 +9.5846e-01 +3.4135e+00 -3.7661e+00 -2.7324e+00 -1.6007e+00 +1.1274e+00 -4.4439e-01
52 0 +2.043658416e+02 +5.988458416e+02 +5.988458416e+02 -2.6960e+00 -3.3257e+00 +2.8157e+00 +8.0972e-01 -2.0626e-01 -3.7079e-01 -2.5705e+00 +5.7901e-01 -1.0217e+00 -2.1944e+00 +2.7117e+00 -3.1202e+00 -1.8606e+00 +2.9980e-01 +2.0071e+00 -2.3882e-01 +4.0946e-01 -1.4957e+00 -7.5356e-01 +2.7825e+00
53 0 +1.895685603e+02 +5.840485603e+02 +5.840485603e+02 -1.0610e+00 -2.9996e+00 -1.9222e+00 +1.4011e+00 -3.1202e+00 -2.3347e+00 -1.8701e+00 +1.2031e+00 -3.8300e+00 -3.7203e+00 +1.2187e+00 -1.8730e+00 -1.7275e+00 +8.1246e-01 +3.1018e+00 -2.9842e+00 -2.0360e+00 -1.5774e+00 +7.1048e-01 +2.7091e-01
152 0 +1.571932288e+02 +5.516732288e+02 +5.516732288e+02 -4.3916e-02 -7.0580e-01 +1.5457e+00 -1.2824e+00 +1.2617e+00 -1.4791e+00 -1.4666e-01 +2.1834e-01 -2.0036e+00 -1.4079e+00 +1.4685e+00 -9.6412e-01 -9.6021e-01 +7.5452e-01 +7.9142e-01 -2.4894e-01 -2.8635e-01 -7.6819e-01 -3.1549e-01 +1.2200e+00
% f evaluations | g evaluations | best noise-free fitness - Fopt (-2.471100000000e+02) + sum g_i+ | measured fitness | best measured fitness or single-digit g-values | x1 | x2...
1 0 +2.369457352e+02 -1.016426483e+01 -1.016426483e+01 -1.5574e+00 -8.2571e-01 +6.8846e-01 +1.1062e+00 +2.4544e+00 -6.4843e-01 -3.5464e+00 -2.2267e+00 -4.5623e+00 +4.4082e+00 +2.1311e-01 -2.0622e-01 -2.3599e+00 -3.5875e+00 +8.0096e-02 +9.6627e-01 -1.0764e+00 -2.7053e+00 +6.2591e-01 +1.0789e+00
2 0 +1.878959742e+02 -5.921402577e+01 -5.921402577e+01 -4.3960e-02 -3.1651e+00 -2.9145e-01 -2.7445e+00 -6.9375e-01 +1.5141e+00 -1.7164e+00 +3.4988e+00 -2.7693e+00 -3.3139e-01 +1.4057e+00 +2.8780e+00 +1.3768e+00 +3.0112e+00 +3.8092e-01 -3.6324e+00 +1.8996e+00 -2.9670e+00 -7.4055e-01 +8.3477e-01
7 0 +1.678949002e+02 -7.921509977e+01 -7.921509977e+01 +7.9661e-01 -5.0258e-01 -5.6514e-01 -2.0259e+00 +3.9698e-02 -1.0134e+00 +2.6780e+00 +2.5009e+00 +4.8051e-02 +1.7947e+00 -3.6475e+00 +1.4057e+00 +9.8258e-01 -5.4959e-01 +1.5246e+00 -1.1835e+00 -9.7080e-01 -1.6092e+00 -1.0446e+00 +1.5590e+00
35 0 +1.361077411e+02 -1.110022589e+02 -1.110022589e+02 +2.0444e+00 -2.6975e+00 +3.5394e+00 -3.7466e+00 -4.3353e+00 +1.7259e+00 +2.3957e+00 -3.9877e+00 -3.6440e+00 +1.5879e+00 +4.6086e+00 +7.7138e-01 -2.0743e+00 +4.4142e+00 +1.8524e+00 +9.6578e-01 +4.8970e-01 -1.3873e+00 +1.5140e+00 -1.7286e+00
110 0 +1.345348807e+02 -1.125751193e+02 -1.125751193e+02 -2.2035e-01 +1.4334e+00 -3.1775e+00 -4.0512e+00 -1.8563e+00 -1.2158e+00 +2.3602e+00 +1.0664e-01 +1.7817e+00 +2.1620e+00 -4.9318e+00 +2.1446e+00 +1.9670e+00 +1.2417e+00 +2.3664e+00 -1.0095e-01 +9.0017e-01 -3.0668e+00 -7.6076e-01 -2.7186e-01
154 0 +1.239170568e+02 -1.231929432e+02 -1.231929432e+02 +2.6430e-02 +9.9832e-01 -2.4847e+00 -3.0970e+00 -1.9416e+00 -7.0205e-01 +2.3146e+00 +4.9657e-01 +1.2465e+00 +1.8767e+00 -4.4117e+00 +2.1610e+00 +2.1667e+00 +1.0734e+00 +2.1675e+00 -6.2355e-01 +4.1622e-01 -2.7510e+00 -4.6071e-01 -1.0943e-01
402 0 +1.090496636e+02 -1.380603364e+02 -1.380603364e+02 -9.9376e-01 +3.2971e-01 -1.3631e+00 -8.6921e-01 -8.6620e-01 -3.5320e-01 -2.3052e-01 +3.0500e-01 -2.8421e-01 +9.1476e-01 -1.7471e-01 +2.0232e-01 +4.2279e-01 -1.1458e+00 +2.2810e-01 -5.8409e-02 +2.9326e-01 +4.4439e-01 -3.3748e-01 +1.4220e+00
454 0 +1.011164516e+02 -1.459935484e+02 -1.459935484e+02 -1.3416e+00 -4.1113e-02 -8.6906e-01 -1.0082e+00 -3.7429e-01 -1.5868e-01 -2.4422e-02 -2.5438e-01 +2.9997e-02 +6.8722e-01 +1.9991e-01 +1.9797e-01 +3.2786e-02 -1.1323e+00 +3.6217e-01 -1.9814e-01 +9.1064e-02 -1.1632e-01 -1.5799e-01 +9.8036e-01
504 0 +9.795902227e+01 -1.491509777e+02 -1.491509777e+02 -1.6212e+00 -3.3914e-01 -4.7202e-01 -1.1199e+00 +2.1063e-02 -2.3421e-03 +1.4122e-01 -7.0396e-01 +2.8252e-01 +5.0436e-01 +5.0098e-01 +1.9447e-01 -2.8066e-01 -1.1215e+00 +4.6992e-01 -3.1044e-01 -7.1439e-02 -5.6696e-01 -1.3737e-02 +6.2545e-01
% f evaluations | g evaluations | best noise-free fitness - Fopt (-1.520400000000e+02) + sum g_i+ | measured fitness | best measured fitness or single-digit g-values | x1 | x2...
1 0 +2.372486138e+02 +8.520861383e+01 +8.520861383e+01 +4.6435e-01 +3.1371e+00 +5.5981e-01 -1.7808e-01 -3.3901e+00 +4.6796e+00 +2.5642e+00 +2.5718e+00 -3.1955e-01 +1.0047e+00 -2.7001e+00 +2.3461e+00 -1.4377e-02 -1.2194e+00 +1.9352e+00 +2.4046e+00 -2.8214e+00 +2.1757e+00 +1.6171e+00 +7.2226e-01
4 0 +1.638803222e+02 +1.184032223e+01 +1.184032223e+01 +3.0314e+00 -7.0323e-01 -2.0303e+00 +2.4582e+00 -1.0379e+00 -3.7446e+00 +3.2194e+00 -7.4274e-01 -3.5711e+00 +2.8341e+00 -1.8874e+00 +1.3710e+00 +1.2548e+00 +4.5781e+00 -2.6535e+00 +2.9627e-01 -9.1493e-01 +1.9129e-01 -3.3760e-01 +5.6124e-01
58 0 +1.360394216e+02 -1.600057843e+01 -1.600057843e+01 +3.5967e+00 +4.3939e-02 -1.3928e+00 +1.8680e-01 -1.2955e+00 -2.6665e+00 +7.3590e-01 +4.1548e-01 -1.7192e+00 +1.6109e+00 -9.9324e-01 +8.7660e-01 +1.0868e+00 +3.3890e+00 -1.5015e+00 -3.0112e-02 -1.4435e+00 -6.4017e-01 -1.1822e+00 +1.2103e+00
113 0 +1.281771543e+02 -2.386284567e+01 -2.386284567e+01 +3.5967e+00 +4.3939e-02 -1.3928e+00 +1.8680e-01 -1.7394e-02 -2.6665e+00 +7.3590e-01 +4.1548e-01 -1.7192e+00 +1.6109e+00 -9.9324e-01 +8.7660e-01 +1.0868e+00 +3.3890e+00 -1.5015e+00 -3.0112e-02 -1.4435e+00 -6.4017e-01 -1.1822e+00 +1.2103e+00
364 0 +1.200911496e+02 -3.194885042e+01 -3.194885042e+01 +3.5967e+00 +4.3939e-02 -1.3928e+00 +1.8680e-01 -1.7394e-02 -2.4349e+00 +7.3590e-01 +4.1548e-01 -3.7831e-01 +1.6109e+00 -9.9324e-01 +8.7660e-01 +1.0868e+00 +3.3890e+00 -1.5015e+00 -3.0112e-02 -1.4435e+00 -6.4017e-01 -1.1822e+00 +1.2103e+00
% f evaluations | g evaluations | best noise-free fitness - Fopt (-2.525000000000e+01) + sum g_i+ | measured fitness | best measured fitness or single-digit g-values | x1 | x2...
1 0 +1.957103843e+02 +1.704603843e+02 +1.704603843e+02 -4.3649e+00 +1.7432e+00 -2.5699e+00 +1.2825e+00 +2.5522e+00 -2.2279e+00 -2.4439e+00 +3.4143e+00 -2.6619e+00 -1.2348e+00 -1.3036e+00 -2.1194e+00 -3.1728e+00 +3.0424e+00 -9.5797e-02 -1.8544e+00 -8.8513e-01 +2.5530e+00 -2.2518e+00 -2.0117e-01
5 0 +1.616833241e+02 +1.364333241e+02 +1.364333241e+02 +2.5548e+00 -2.5925e+00 -3.0857e+00 -3.8163e+00 -1.8451e+00 -4.2066e+00 -2.4709e+00 +4.5754e+00 +1.3968e+00 -3.7570e+00 +1.9354e+00 -1.6012e+00 +2.2607e+00 +2.3762e+00 -2.1395e+00 +1.1329e-01 -2.1292e+00 -2.2090e+00 -7.5774e-01 -2.7145e-01
8 0 +1.478768063e+02 +1.226268063e+02 +1.226268063e+02 -6.6778e-01 -2.5171e+00 -3.9434e+00 -2.1283e+00 -1.9372e+00 -3.4694e-01 +1.1563e+00 +9.3274e-01 +3.5922e+00 -1.9246e+00 +1.1176e+00 +2.1060e+00 +7.0406e-01 -2.2811e+00 +1.0764e+00 +2.1941e+00 -4.5758e+00 -2.5968e-02 +4.0515e+00 +9.8682e-01
16 0 +1.177425086e+02 +9.249250856e+01 +9.249250856e+01 -1.0448e+00 -2.0834e+00 -3.6074e+00 -4.4452e+00 +2.5828e+00 +3.6864e+00 -2.4555e+00 +1.9550e+00 -7.4324e-01 -2.3917e+00 +2.2496e+00 +8.1416e-01 -4.1971e+00 +4.5419e-01 +1.0767e+00 +6.7466e-01 +2.9012e+00 +2.3623e+00 -3.5223e+00 -1.4390e+00
106 0 +1.120029059e+02 +8.675290589e+01 +8.675290589e+01 +2.9348e+00 -5.7742e-01 -3.6371e+00 -1.2020e+00 -1.9675e+00 -1.5107e+00 -5.9056e-01 +1.4744e+00 +2.9120e+00 -1.7741e+00 -2.8439e-01 -1.9021e+00 +8.2174e-01 -9.7069e-01 -2.1713e+00 +2.5745e+00 -1.0470e+00 -2.0244e-01 -1.6898e-01 +2.8131e-01
206 0 +9.786729701e+01 +7.261729701e+01 +7.261729701e+01 +2.5854e+00 -1.2849e+00 -9.3589e-01 -1.2232e+00 +1.2326e+00 -3.1212e+00 -3.7669e-02 +1.3220e-01 +1.1481e+00 -1.4110e+00 -9.4310e-01 -1.7946e+00 +2.5156e+00 +1.1304e+00 -1.2110e-01 -9.6621e-01 -3.1783e-01 -1.0339e+00 +7.4360e-01 +2.3453e+00
304 0 +9.755532492e+01 +7.230532492e+01 +7.230532492e+01 +5.9932e-01 -9.8306e-01 -2.3520e+00 -2.2701e+00 -2.4038e+00 -3.5271e-01 -1.4233e+00 -3.4919e-01 +8.0452e-01 +2.8452e-01 +6.0421e-02 -2.5941e+00 -5.0733e-01 -1.9473e+00 -6.7479e-01 +1.1692e+00 +9.6548e-01 -4.3595e-01 +1.2845e-01 -1.1242e+00
308 0 +8.800466392e+01 +6.275466392e+01 +6.275466392e+01 +1.2491e+00 -6.5811e-01 -2.6081e+00 -2.7720e+00 -2.2259e+00 -1.7263e+00 -1.7159e+00 +1.4516e+00 +8.8270e-01 -1.0797e+00 +8.3488e-01 -2.2028e+00 +7.2996e-01 -3.0936e-01 -2.8750e-01 +5.7355e-01 +1.9349e-01 -1.1849e+00 -9.1611e-02 -8.0465e-01
% f evaluations | g evaluations | best noise-free fitness - Fopt (1.830100000000e+02) + sum g_i+ | measured fitness | best measured fitness or single-digit g-values | x1 | x2...
1 0 +2.998024806e+02 +4.828124806e+02 +4.828124806e+02 +1.6912e+00 +3.4951e+00 +3.6054e+00 +2.6253e-01 +3.8014e+00 -9.4878e-01 +8.7783e-01 -1.2450e+00 +5.6568e-01 +1.8600e+00 -3.3515e-01 +1.1173e+00 -4.4696e+00 +2.3607e-01 -1.3083e+00 -1.2286e+00 -4.8048e+00 -1.2591e+00 -4.1498e-01 +2.3818e-01
2 0 +2.270319050e+02 +4.100419050e+02 +4.100419050e+02 -2.1863e-01 +1.2314e+00 +4.0905e+00 -2.0439e+00 -2.7487e-01 -1.9886e+00 +1.0301e+00 -9.4245e-01 -1.4179e+00 -1.7751e+00 -3.3711e+00 +2.1906e+00 -5.4713e-01 -3.0748e-02 +1.9893e+00 -4.4175e-02 -1.7637e+00 +3.9790e-01 -1.5404e+00 -1.3226e+00
21 0 +2.112823151e+02 +3.942923151e+02 +3.942923151e+02 +3.3983e+00 +1.7540e+00 -4.2248e+00 +2.2127e+00 -3.5677e+00 +1.1034e-01 +1.4451e+00 +2.5629e+00 -2.8667e+00 -4.0168e+00 +2.5508e+00 +9.8813e-01 -3.7658e+00 -1.1111e+00 -7.6711e-01 +3.5751e+00 +4.9220e+00 -3.5521e+00 -3.3148e+00 -1.8693e+00
23 0 +2.041718749e+02 +3.871818749e+02 +3.871818749e+02 -2.4577e+00 +4.4355e+00 +3.2821e+00 +4.1326e+00 +2.4265e+00 +3.0782e+00 -2.8926e+00 +2.2541e+00 +4.4272e+00 -1.9775e+00 +7.2077e-01 -8.2589e-01 -1.9992e+00 -4.9407e-01 +8.3525e-01 -3.7444e+00 -3.6393e+00 +1.1045e+00 +3.7117e+00 +2.4667e+00
29 0 +1.973558835e+02 +3.803658835e+02 +3.803658835e+02 -4.7154e+00 +4.9063e+00 +2.2390e+00 -7.8425e-01 -4.3921e+00 -2.2897e+00 -1.9826e+00 +3.1537e+00 -3.1082e+00 -2.3968e+00 +6.8285e-01 +4.3091e+00 -4.5940e+00 -3.3745e-02 +4.0358e+00 +4.2756e+00 -3.6551e+00 +3.4112e+00 +1.8646e+00 +3.4610e+00
158 0 +1.740951753e+02 +3.571051753e+02 +3.571051753e+02 -4.4176e-01 +1.8611e+00 -2.1045e+00 +2.1841e+00 +2.0297e-01 +2.4703e+00 +3.0361e+00 +2.2586e+00 -5.9947e-01 -6.0574e-01 -8.3537e-01 +3.0606e+00 +5.2207e-01 -2.5333e-01 +1.2178e+00 -1.3913e-01 +1.2465e+00 -4.0464e+00 -7.7650e-01 +3.6384e-01
159 0 +1.580512846e+02 +3.410612846e+02 +3.410612846e+02 +1.4149e+00 +1.8093e+00 -3.1296e+00 +2.1979e+00 -1.6201e+00 +1.3293e+00 +2.2669e+00 +2.4057e+00 -1.6956e+00 -2.2549e+00 +8.0179e-01 +2.0586e+00 -1.5511e+00 -6.6807e-01 +2.5810e-01 +1.6567e+00 +3.0236e+00 -3.8074e+00 -2.0037e+00 -7.1588e-01
214 0 +1.509399255e+02 +3.339499255e+02 +3.339499255e+02 -4.4176e-01 +1.8611e+00 -2.1045e+00 +2.1841e+00 +2.0297e-01 +2.4703e+00 +1.1172e+00 +2.2586e+00 -5.9947e-01 -6.0574e-01 -8.3537e-01 +3.0606e+00 +5.2207e-01 -2.5333e-01 +1.2178e+00 -1.3913e-01 +1.2465e+00 -4.0464e+00 -7.7650e-01 +3.6384e-01
% f evaluations | g evaluations | best noise-free fitness - Fopt (1.835200000000e+02) + sum g_i+ | measured fitness | best measured fitness or single-digit g-values | x1 | x2...
1 0 +1.598774908e+02 +3.433974908e+02 +3.433974908e+02 -3.5305e+00 -1.7691e+00 +4.2846e+00 +8.2193e-02 -5.7022e-01 -6.9509e-01 +2.1842e+00 +1.9940e+00 -1.6746e+00 +4.0943e+00 -1.9920e+00 +6.6999e-01 -1.6094e+00 -7.9830e-01 -1.8201e-01 +2.0921e+00 -1.6033e+00 +9.3440e-01 -4.4845e+00 -5.3955e-01
5 0 +1.572430699e+02 +3.407630699e+02 +3.407630699e+02 -3.2044e+00 -1.6964e+00 +4.1700e+00 +1.0530e-01 -6.1221e-01 -8.5892e-01 +1.8802e+00 +1.9565e+00 -1.6771e+00 +3.7965e+00 -1.8750e+00 +6.7260e-01 -1.4459e+00 -9.3705e-01 -3.3311e-01 +1.8959e+00 -1.6172e+00 +7.4913e-01 -4.2355e+00 -2.9309e-01
8 0 +1.526885892e+02 +3.362085892e+02 +3.362085892e+02 -3.5620e+00 -1.1401e+00 +4.1652e+00 +4.8494e-01 -1.4159e+00 -2.9554e-01 +2.6841e+00 +1.5888e+00 -1.3972e+00 +3.5084e+00 -1.7665e+00 +1.3377e+00 -4.1747e-01 +3.9082e-02 -1.9737e-01 +2.3769e+00 -8.4875e-01 +1.4756e-01 -3.8589e+00 -2.8839e-01
102 0 +1.429084102e+02 +3.264284102e+02 +3.264284102e+02 -1.3034e+00 -8.5008e-01 +3.5080e+00 -6.3473e-01 -1.6014e+00 -1.5409e+00 +2.2973e+00 +4.6734e-01 -1.7953e+00 +1.8461e+00 -2.1119e+00 -1.2327e-01 -2.2988e-01 -1.3331e+00 -1.2955e-01 +1.0509e+00 -2.9215e-01 +1.5915e+00 -2.1811e+00 -4.4322e-01
154 0 +1.267268825e+02 +3.102468825e+02 +3.102468825e+02 -1.1233e+00 -1.2412e+00 +7.0633e-01 +6.6980e-01 -9.3597e-01 -1.1605e+00 +1.4791e+00 +2.5227e-01 -1.1470e+00 -4.2138e-01 -1.8901e+00 +8.1403e-01 -1.8424e-01 -1.7929e+00 -4.6318e-01 -6.9107e-01 +4.4609e-01 +5.8781e-01 -1.5956e+00 +1.3067e+00
308 0 +1.196658886e+02 +3.031858886e+02 +3.031858886e+02 -2.2384e+00 -1.7084e+00 +1.0538e+00 +1.0494e+00 -4.0835e-01 -7.3020e-01 +1.4100e+00 +1.0153e+00 -1.0766e+00 +6.7269e-01 -1.8265e+00 +1.2264e+00 -8.7592e-01 -1.5315e+00 -4.9455e-01 -1.9485e-01 -2.0083e-01 +2.4283e-01 -2.7428e+00 +1.2848e+00
1311 0 +1.141815998e+02 +2.977015998e+02 +2.977015998e+02 -2.3016e+00 -5.9804e-01 +4.8432e-01 +1.5024e-01 -9.8341e-01 -1.7664e+00 +1.1692e+00 +1.1165e+00 -3.2448e-01 +1.9285e+00 -1.1671e+00 -1.4573e-01 -7.3616e-01 -1.9123e-01 +1.5965e-01 +1.8790e+00 -5.7523e-01 +1.6256e-01 -2.5357e+00 -1.3271e+00
% f evaluations | g evaluations | best noise-free fitness - Fopt (-5.938400000000e+02) + sum g_i+ | measured fitness | best measured fitness or single-digit g-values | x1 | x2...
1 0 +1.985839894e+02 -3.952560106e+02 -3.952560106e+02 -2.2305e+00 -3.2906e+00 +2.1600e+00 -2.5572e+00 -6.4481e-01 +4.8231e+00 -2.9886e+00 +1.0835e+00 +4.3616e+00 -2.4125e+00 -2.4518e+00 -2.7024e-01 -5.3467e-01 +5.6559e-01 +9.3685e-01 +1.3942e+00 -1.0298e+00 -3.8225e+00 +5.3550e-01 +2.3974e+00
4 0 +1.166481593e+02 -4.771918407e+02 -4.771918407e+02 -1.1277e+00 +1.3833e-02 -1.2734e+00 +2.2713e+00 +1.4188e+00 -6.3747e-01 -1.0994e+00 -1.8042e+00 +1.5776e+00 +2.2712e+00 -5.2687e-01 -2.9379e+00 +3.9310e-01 -2.3717e+00 +2.5423e+00 +1.4903e-01 -2.7575e+00 -3.4315e+00 -2.6422e+00 +3.0263e+00
59 0 +1.106247804e+02 -4.832152196e+02 -4.832152196e+02 -3.4391e+00 -4.7607e-01 -1.9973e+00 +2.7542e+00 -1.1035e+00 +9.0562e-01 -3.7153e+00 -1.3351e+00 -3.1639e+00 +2.5822e+00 +4.0723e+00 +2.0993e+00 -2.1397e+00 +3.2299e+00 +1.9117e+00 +1.5607e+00 -5.6073e-01 +1.7826e+00 -2.7586e+00 +1.3948e+00
103 0 +8.960920430e+01 -5.042307957e+02 -5.042307957e+02 -1.5970e+00 -2.8768e-01 -5.1435e-01 +1.3548e+00 +8.3605e-01 -1.0697e+00 -1.0170e+00 -2.0461e+00 +4.7892e-01 +1.5467e+00 +2.3098e-01 -3.2230e+00 -4.0794e-01 -1.6039e+00 +2.6160e+00 +2.8627e-02 -2.3997e+00 -1.1590e+00 -2.1447e+00 +2.1296e+00
303 0 +8.304103987e+01 -5.107989601e+02 -5.107989601e+02 -1.7141e+00 -5.7491e-01 -7.2583e-01 +1.0901e+00 +6.6979e-01 -7.5545e-01 -1.2436e+00 -1.9206e+00 +3.4509e-01 +1.6334e+00 +3.2581e-01 -2.9467e+00 -5.3617e-01 -1.4553e+00 +2.5309e+00 -1.8109e-01 -2.0153e+00 -7.1676e-01 -2.0029e+00 +1.8797e+00
402 0 +6.963737495e+01 -5.242026251e+02 -5.242026251e+02 -3.4935e+00 -4.6520e-01 -2.0382e+00 +6.5129e-01 -5.5797e-01 +1.3522e+00 -1.9624e+00 -2.0553e+00 -1.0506e+00 -4.8594e-01 +2.1950e+00 +3.6364e-01 -1.1099e+00 +1.4355e-01 +2.1226e+00 +1.7511e-01 -1.1975e+00 -5.6505e-01 -2.4092e-01 +4.7250e-01
507 0 +6.915606329e+01 -5.246839367e+02 -5.246839367e+02 -2.5890e+00 -1.7800e+00 -1.3981e+00 +5.8920e-01 +5.2120e-02 +5.8451e-01 -1.8609e+00 -1.9176e+00 -8.8696e-01 +1.2500e+00 +1.6758e+00 +1.6078e-02 -8.4395e-01 +6.6845e-01 +1.8021e+00 -1.0099e-01 -5.1713e-01 +3.5592e-01 -6.6858e-01 +3.9974e-01
603 0 +6.737484973e+01 -5.264651503e+02 -5.264651503e+02 -2.3525e+00 -1.4027e+00 -1.0497e+00 +4.4450e-01 -1.4183e-01 +7.3371e-01 -1.7517e+00 -1.7868e+00 -8.2013e-01 +7.9178e-01 +9.9923e-01 -1.2448e-01 -7.4833e-01 +4.5143e-01 +1.7559e+00 +1.0142e-01 -8.3390e-01 -3.4991e-01 -5.8415e-01 +4.9049e-01
% f evaluations | g evaluations | best noise-free fitness - Fopt (-1.000000000000e+03) + sum g_i+ | measured fitness | best measured fitness or single-digit g-values | x1 | x2...
1 0 +2.163368839e+02 -7.836631161e+02 -7.836631161e+02 +2.3734e+00 -2.8493e+00 -3.7108e-01 +8.1950e-02 +2.7590e+00 -6.6749e-01 -5.0180e-01 -2.5426e+00 +3.0551e+00 +1.7350e+00 -2.9956e+00 +1.3470e+00 +3.1504e+00 -2.0695e+00 +1.5874e+00 -9.9787e-02 +1.5663e+00 +2.6159e+00 -1.0156e-01 +8.1133e-01
2 0 +1.742361352e+02 -8.257638648e+02 -8.257638648e+02 +6.5201e-01 -2.3249e-01 -1.7494e+00 -2.5999e-01 -1.9364e+00 +2.4902e+00 +1.5824e+00 -4.1712e+00 -2.6345e-01 +1.6542e+00 +3.5942e+00 +8.7549e-01 +2.9163e+00 -1.3460e+00 +1.0988e+00 +2.4976e+00 +1.6476e-01 +5.1600e-01 -1.5998e+00 -1.0047e+00
3 0 +1.584523869e+02 -8.415476131e+02 -8.415476131e+02 +3.4518e+00 +4.4591e-01 -2.3684e+00 -1.8754e+00 +5.0437e-01 +2.3776e+00 +1.3781e+00 -2.0302e+00 +1.4362e-02 +1.0013e+00 -4.0990e-01 -2.3589e+00 +3.0159e+00 -3.1190e-01 +2.8095e+00 +3.6150e+00 -2.3268e+00 -1.2851e+00 -2.2349e+00 -2.3804e+00
26 0 +1.224422692e+02 -8.775577308e+02 -8.775577308e+02 -3.7669e+00 +2.0790e+00 -3.3487e+00 -1.2455e+00 -1.1852e+00 +2.9184e+00 +3.1303e+00 +2.0547e+00 -2.3518e+00 -2.2234e-02 -1.0647e+00 +2.3735e+00 -4.7434e+00 +4.9323e+00 -4.9762e+00 +3.2109e+00 +3.2825e+00 -1.9035e+00 -1.0191e+00 -1.3381e+00
102 0 +1.168198774e+02 -8.831801226e+02 -8.831801226e+02 +1.1410e+00 +1.2728e+00 -1.1241e+00 -2.1399e+00 -1.2148e+00 -1.2352e-01 -5.5212e-01 -1.5828e-01 +9.3385e-01 +1.8029e+00 -4.3925e-01 +1.5757e-01 +2.0644e+00 -9.9619e-01 +1.0449e+00 +1.4702e+00 -2.2731e+00 -1.6963e+00 +1.1299e-02 -7.0703e-01
256 0 +8.826982504e+01 -9.117301750e+02 -9.117301750e+02 -2.8044e+00 +1.6141e+00 -3.0087e+00 -1.3497e+00 -8.2368e-01 +2.1950e+00 +2.7594e+00 +1.9226e+00 -1.6721e+00 +2.1603e-01 -9.4315e-01 +2.1094e+00 -3.7629e+00 +3.8341e+00 -3.6938e+00 +2.6724e+00 +2.7330e+00 -1.6503e+00 -7.3136e-01 -1.2565e+00
% f evaluations | g evaluations | best noise-free fitness - Fopt (-2.531000000000e+01) + sum g_i+ | measured fitness | best measured fitness or single-digit g-values | x1 | x2...
1 0 +2.560137796e+02 +2.307037796e+02 +2.307037796e+02 -2.0124e+00 -2.5957e+00 +4.1803e+00 +1.0804e+00 +2.3483e+00 +3.0936e+00 -1.8058e+00 +5.2874e-01 +3.7943e+00 -3.2296e+00 +2.4241e+00 +8.3409e-01 +2.1262e+00 +1.7832e-01 +1.2743e+00 +1.3819e+00 +8.1340e-01 +3.3830e+00 +1.7450e-01 -1.2807e+00
2 0 +1.294355071e+02 +1.041255071e+02 +1.041255071e+02 +2.3917e-01 -1.9334e+00 -1.0302e+00 +3.5903e+00 -3.0539e-01 +6.3018e-01 +1.2692e+00 -9.8320e-01 +7.4966e-01 +1.3933e+00 -5.6945e-01 +8.7650e-01 -5.8179e-01 +8.5876e-01 +1.1929e-02 +2.6906e+00 -2.7328e+00 -2.5986e+00 -2.7974e+00 +8.6567e-01
3 0 +1.269639772e+02 +1.016539772e+02 +1.016539772e+02 +7.5222e-01 -2.4695e+00 -1.1729e+00 +3.8341e+00 -7.3585e-01 +2.3570e-01 +7.9225e-01 -8.1107e-01 +3.1723e-01 +1.4258e+00 -1.1189e+00 +6.0990e-01 -6.8761e-01 +1.4842e+00 -5.5353e-01 +2.5353e+00 -2.8069e+00 -2.3922e+00 -2.9764e+00 +1.4042e+00
25 0 +1.199228342e+02 +9.461283419e+01 +9.461283419e+01 +1.7618e+00 +1.4053e+00 -1.5465e+00 +3.5403e+00 +3.9190e+00 -1.3549e+00 -4.2761e+00 -2.3352e+00 -4.7910e+00 -8.1235e-01 +1.5592e+00 -3.7947e+00 +2.2406e+00 +2.4516e+00 -1.5221e+00 -2.0631e+00 -4.7389e+00 +4.1939e+00 +2.3220e+00 -1.4960e+00
106 0 +1.161918645e+02 +9.088186454e+01 +9.088186454e+01 +2.9556e+00 -2.7247e+00 +2.0838e+00 +1.3190e+00 -5.4810e-01 -1.9036e+00 -2.0649e+00 -2.3542e-01 +2.2104e-01 +1.9115e-01 -1.0571e+00 +2.1547e-01 -9.4021e-01 +1.8514e+00 +1.4526e+00 -5.5141e-01 -3.2889e-02 +8.3269e-01 +1.1343e+00 +2.3107e+00
% f evaluations | g evaluations | best noise-free fitness - Fopt (2.228000000000e+01) + sum g_i+ | measured fitness | best measured fitness or single-digit g-values | x1 | x2...
1 0 +1.360616007e+02 +1.583416007e+02 +1.583416007e+02 +5.7855e-01 -3.7095e+00 -3.5585e-01 -2.8598e+00 -4.6880e-01 +4.5613e-01 +2.2728e+00 -6.5901e-01 +1.0918e+00 +4.1701e+00 -7.2433e-01 -2.9094e+00 +2.0128e-01 +1.8322e+00 +2.9978e+00 +1.7123e-01 -1.2707e+00 +1.8137e+00 -4.3863e-01 -6.8403e-01
6 0 +1.306993817e+02 +1.529793817e+02 +1.529793817e+02 -1.7854e-01 -1.4863e+00 +5.9013e-01 -2.2493e+00 +5.1536e-01 +8.2795e-01 -1.6430e+00 -1.4611e+00 -2.2343e+00 -1.3046e-01 +6.6391e-01 -8.3724e-01 -2.6901e+00 -3.1257e-02 +1.0905e+00 +3.5712e-01 +6.4641e-02 -1.5299e+00 -7.1537e-01 +2.5771e+00
12 0 +7.136819458e+01 +9.364819458e+01 +9.364819458e+01 +1.6689e+00 +9.2551e-01 +5.3422e-01 +2.5198e+00 +2.8610e+00 +2.5260e+00 -3.7693e-01 +2.1939e+00 +4.6012e+00 +6.4082e-01 +2.1768e+00 +8.5197e-02 -2.3622e+00 -1.5215e+00 +1.5398e+00 -1.7729e+00 -8.7739e-01 -1.0249e+00 +1.6228e+00 +2.6756e+00
% f evaluations | g evaluations | best noise-free fitness - Fopt (3.561400000000e+02) + sum g_i+ | measured fitness | best measured fitness or single-digit g-values | x1 | x2...
1 0 +3.242982217e+02 +6.804382217e+02 +6.804382217e+02 +2.5813e+00 +1.0519e+00 +4.2835e+00 +2.1759e+00 -4.9392e+00 -3.2262e+00 -1.4499e+00 -2.0314e+00 +4.4928e-01 -4.1407e+00 +4.8549e-01 +1.1424e-01 -3.2957e+00 +4.5860e-02 +3.5337e+00 +3.2839e+00 -8.7931e-01 +5.3009e-02 -1.9003e+00 +6.2616e-01
2 0 +1.841196795e+02 +5.402596795e+02 +5.402596795e+02 +3.0729e-03 +9.8930e-02 +1.0129e+00 +2.4385e+00 -2.0629e+00 -2.3275e+00 +1.1641e-01 -2.1685e+00 +1.9523e+00 -4.5275e+00 -7.6941e-01 +9.8074e-01 +4.1777e-01 +2.1169e+00 +5.5090e-01 +9.0873e-01 -6.0037e-01 +1.4760e+00 +3.8048e-01 +7.8981e-01
14 0 +1.539500964e+02 +5.100900964e+02 +5.100900964e+02 +1.8765e+00 +2.0078e+00 +3.1936e+00 +1.4677e+00 +1.4090e+00 +7.1586e-01 +2.5163e+00 +3.7521e+00 -2.9878e+00 +4.1492e-02 +1.2640e+00 +4.3354e+00 -2.4788e+00 -2.2781e+00 +1.1512e+00 -1.2133e+00 -3.5986e+00 -9.7584e-03 -3.8596e+00 -5.8659e-02
53 0 +1.410803163e+02 +4.972203163e+02 +4.972203163e+02 -5.0753e-01 +1.9205e+00 -1.4586e-01 -1.7126e+00 -3.0655e-01 +2.0354e+00 +8.2931e-01 +1.9437e+00 -1.2228e-02 +7.3398e-02 +2.1907e+00 -4.8391e-01 +1.7271e+00 +3.2241e+00 -3.1952e+00 -1.1870e+00 -4.2833e+00 -4.9678e+00 -1.0224e+00 +2.2190e+00
102 0 +1.047668518e+02 +4.609068518e+02 +4.609068518e+02 +7.5746e-01 -1.5682e+00 -2.3697e+00 +3.6452e-01 +2.3713e+00 -1.6571e+00 -3.7904e-01 +1.1072e+00 -9.3552e-01 -1.4090e+00 +1.5756e+00 -8.3251e-01 +2.1061e+00 -2.6326e+00 -3.8574e+00 -1.8791e-01 -3.8533e+00 -9.3925e-02 +1.8351e+00 +1.7587e+00
613 0 +1.040814132e+02 +4.602214132e+02 +4.602214132e+02 -2.9966e+00 +2.1844e+00 -2.1106e+00 +2.2043e+00 +1.5604e-02 +2.9500e+00 +2.5712e-01 -1.2578e+00 +2.7762e-01 +2.4625e+00 +1.7242e+00 -1.3651e+00 -8.7103e-02 -2.9941e-01 +3.4161e-01 -2.3966e-01 +6.7687e-01 +5.2913e-01 +1.4498e+00 +1.7143e+00
660 0 +9.925033403e+01 +4.553903340e+02 +4.553903340e+02 -2.9966e+00 +2.1844e+00 -2.1106e+00 +2.2043e+00 +1.5604e-02 +2.9500e+00 +2.5712e-01 -1.2578e+00 +2.7762e-01 +2.4625e+00 +1.7242e+00 -8.1398e-01 -8.7103e-02 -2.9941e-01 +3.4161e-01 -2.3966e-01 +6.7687e-01 +5.2913e-01 +1.4498e+00 +1.7143e+00
708 0 +9.739984790e+01 +4.535398479e+02 +4.535398479e+02 -2.1538e+00 +1.6531e+00 -1.6176e+00 +2.1995e+00 -6.7447e-01 +2.6933e+00 +9.1202e-01 -1.0600e+00 +3.4900e-01 +2.0339e+00 +1.6314e+00 -1.5510e+00 -1.5308e-02 +5.3713e-02 +4.9161e-01 -7.0930e-03 +4.8557e-01 +7.0837e-01 +1.5771e+00 +8.4842e-01
% f evaluations | g evaluations | best noise-free fitness - Fopt (-4.757000000000e+02) + sum g_i+ | measured fitness | best measured fitness or single-digit g-values | x1 | x2...
1 0 +2.477102571e+02 -2.279897429e+02 -2.279897429e+02 +1.9950e+00 +5.5695e-01 +1.1603e+00 -4.6113e+00 +6.0030e-01 -4.8628e+00 +1.5563e+00 -4.4946e+00 +1.9362e+00 -2.9784e+00 +2.1426e+00 +8.6778e-01 +2.0338e+00 +2.8758e+00 -1.3380e+00 -2.1359e+00 +3.9175e-01 -1.6504e-01 +1.5773e+00 -4.6059e-01
2 0 +2.384296394e+02 -2.372703606e+02 -2.372703606e+02 -4.0230e-01 -5.6120e-01 -3.7927e-01 +3.2919e+00 +1.3012e+00 -3.7183e+00 +4.4320e+00 -9.0144e-01 -1.0168e+00 +2.0008e+00 +4.0346e+00 -1.7204e+00 +2.7261e-01 +8.6922e-02 -4.1098e+00 +2.2399e+00 -3.8395e+00 -1.5378e+00 +2.8750e+00 +2.0056e+00
5 0 +2.337764971e+02 -2.419235029e+02 -2.419235029e+02 +7.5242e-01 +5.2412e-01 +1.5180e+00 -4.3184e+00 +1.0114e+00 +1.8098e+00 -2.3561e+00 -2.6571e-01 +1.7482e+00 +3.7110e+00 +1.9701e+00 +5.5671e-01 -1.1418e+00 -1.0087e+00 -2.6881e-01 -3.0323e+00 +1.1134e+00 +2.4947e+00 +3.5305e+00 -1.8808e+00
6 0 +1.601887518e+02 -3.155112482e+02 -3.155112482e+02 +9.5863e-01 +1.2455e+00 +1.1044e+00 -1.0103e-01 +1.8886e+00 -4.3195e+00 +3.0187e-01 +9.3848e-01 +1.5455e-01 +2.5790e+00 +9.7147e-01 -1.7876e+00 +2.6079e-01 +1.3235e+00 -2.1921e+00 -3.2994e-01 -1.7697e+00 -3.4628e-01 +7.7692e-01 +1.8462e+00
104 0 +1.468775161e+02 -3.288224839e+02 -3.288224839e+02 +3.2437e-01 +2.8933e+00 +2.0449e-01 -2.6326e+00 +1.9907e-01 -4.2305e+00 +1.2767e+00 -7.4559e-01 +1.2886e+00 +1.9410e+00 -2.2822e+00 -4.5247e-01 +1.0317e-02 -7.6367e-01 +1.9094e+00 +5.8537e-02 +2.3703e+00 -2.2752e+00 -1.1097e+00 -3.2806e+00
206 0 +1.237082088e+02 -3.519917912e+02 -3.519917912e+02 +1.0412e-01 +1.9906e+00 -2.5112e-01 -1.7465e+00 -1.5026e-01 -3.0230e+00 +1.6152e+00 +8.3008e-01 +3.5352e-01 +1.4592e+00 -1.7216e-01 +6.4366e-01 +1.0433e+00 -7.2630e-01 +1.3681e+00 -3.6523e-01 +1.6991e+00 -1.5657e+00 +5.8731e-02 -3.5471e+00
% f evaluations | g evaluations | best noise-free fitness - Fopt (-1.000000000000e+03) + sum g_i+ | measured fitness | best measured fitness or single-digit g-values | x1 | x2...
1 0 +2.095576265e+02 -7.904423735e+02 -7.904423735e+02 -2.6642e+00 -9.6649e-01 +6.7548e-01 -1.3928e+00 +3.1617e-01 -3.6748e-01 +2.8121e+00 -1.3857e+00 -3.2834e+00 -4.9062e+00 -4.5271e-01 -3.6791e+00 +2.4242e+00 -2.4537e+00 +9.9980e-01 +7.1773e-01 +2.3376e+00 -5.7220e-01 -4.1496e-01 +6.8665e-01
4 0 +2.081847492e+02 -7.918152508e+02 -7.918152508e+02 -1.3698e-01 -3.8142e+00 +3.6913e+00 +3.0849e+00 -6.4047e-01 -1.9402e-01 -2.4873e+00 -3.6240e-01 -4.1388e+00 +1.4258e+00 +1.3065e+00 +2.0022e+00 +3.8006e+00 -3.1236e+00 +1.1147e-01 +1.6428e+00 -7.7701e-01 +3.7252e+00 +2.0069e+00 +1.8835e+00
5 0 +1.765087532e+02 -8.234912468e+02 -8.234912468e+02 -1.8262e+00 +7.9831e-01 +4.5137e-01 -3.6197e+00 -3.1868e+00 +1.0377e+00 -3.2128e+00 +1.6917e+00 -1.1636e+00 -1.8887e+00 -4.6582e-01 -1.7211e+00 -1.3942e+00 -3.4365e+00 -1.9521e+00 +4.6126e+00 -9.2438e-01 +4.5454e+00 +1.1038e+00 +2.4682e+00
54 0 +1.426697135e+02 -8.573302865e+02 -8.573302865e+02 -1.7841e+00 +6.0894e-01 +5.5161e-01 +1.3429e+00 -2.6076e+00 -2.9121e+00 +1.3602e+00 -2.7028e+00 -4.0831e+00 -1.6554e+00 -4.2963e-01 +4.3887e-01 +2.6737e+00 -8.2581e-01 +1.4987e+00 -2.7528e+00 -1.0847e+00 -1.7139e+00 +2.8527e+00 +1.5271e+00
212 0 +1.232148616e+02 -8.767851384e+02 -8.767851384e+02 -1.7841e+00 +6.0894e-01 +5.5161e-01 +1.3429e+00 -2.6076e+00 -2.9121e+00 +1.3602e+00 -2.7028e+00 -9.7045e-01 -1.6554e+00 -4.2963e-01 +4.3887e-01 +2.6737e+00 -8.2581e-01 +1.4987e+00 -2.7528e+00 -1.0847e+00 -1.7139e+00 +2.8527e+00 +1.5271e+00
% f evaluations | g evaluations | best noise-free fitness - Fopt (-4.158000000000e+01) + sum g_i+ | measured fitness | best measured fitness or single-digit g-values | x1 | x2...
1 0 +2.094144652e+02 +1.678344652e+02 +1.678344652e+02 +2.6251e+00 +2.3833e+00 +4.1764e+00 -1.6477e+00 -1.5365e+00 +3.1737e+00 -2.7028e+00 +1.8485e+00 -1.4748e+00 -3.8260e+00 -3.0359e+00 -1.0894e+00 -4.7266e-01 -3.4445e+00 +1.6636e+00 +1.2055e+00 +1.6245e+00 -6.7603e-01 +7.7593e-01 -7.3188e-03
2 0 +1.175251680e+02 +7.594516804e+01 +7.594516804e+01 +1.2805e+00 -8.3097e-01 -1.1866e+00 +1.6413e+00 -1.9030e+00 +8.6413e-02 -1.8031e+00 -2.3594e+00 -9.6661e-01 -3.2804e-01 +2.2620e+00 +1.5529e+00 +2.3108e+00 -1.3028e+00 -1.4364e+00 -2.5888e+00 -3.0675e+00 +5.9465e-02 -1.1645e+00 +4.6829e-01
21 0 +9.727817725e+01 +5.569817725e+01 +5.569817725e+01 +3.1160e+00 +1.9937e+00 -2.7122e+00 +2.8127e-01 +2.7809e+00 +3.4532e+00 +1.7385e+00 -4.7774e-01 -3.7134e-01 -1.5904e+00 -3.6128e+00 +1.1223e+00 +3.7670e+00 -5.9569e-01 -4.7721e+00 -2.0849e+00 +1.4856e+00 +4.6887e+00 +7.3682e-01 -2.5458e-01
154 0 +9.437447054e+01 +5.279447054e+01 +5.279447054e+01 +4.5231e-01 -1.8241e-01 -9.2023e-02 +1.1010e+00 -1.5470e+00 +1.8838e+00 +2.3555e-02 +8.9930e-01 -1.2556e+00 -1.8857e+00 -1.5463e+00 +1.3099e+00 +1.0144e+00 -1.4334e+00 +4.7291e-01 -1.1551e-01 -7.4178e-01 +4.3195e-01 -3.6880e-01 -3.8074e-02
155 0 +9.028226396e+01 +4.870226396e+01 +4.870226396e+01 +8.4099e-01 -5.1845e-01 -5.9255e-01 +1.3165e+00 -1.7522e+00 +9.4295e-01 -2.4866e-01 -7.7775e-01 -1.0534e+00 -1.0927e+00 +4.0617e-01 +1.3946e+00 +1.6246e+00 -1.3048e+00 -5.1585e-01 -1.3524e+00 -1.9289e+00 +2.1936e-01 -7.2245e-01 +1.6812e-01
354 0 +8.506882042e+01 +4.348882042e+01 +4.348882042e+01 +2.4622e+00 +1.8260e+00 +7.8777e-01 -4.4824e-01 -7.2280e-02 +2.6915e+00 -3.6907e-02 +3.6694e-01 -4.5416e-01 -2.3554e+00 -2.2909e+00 +5.0544e-02 +1.3186e+00 -1.3163e+00 -1.6564e+00 -8.8131e-01 +8.6904e-01 +1.7215e+00 +5.7784e-01 -5.9647e-01
355 0 +7.784457583e+01 +3.626457583e+01 +3.626457583e+01 +2.6111e+00 +1.8642e+00 -9.0884e-03 -2.8215e-01 +5.7731e-01 +2.8649e+00 +3.6730e-01 +1.7463e-01 -4.0487e-01 -2.1812e+00 -2.5919e+00 +2.9455e-01 +1.8760e+00 -1.1522e+00 -2.3657e+00 -1.1553e+00 +1.0094e+00 +2.3971e+00 +6.1404e-01 -5.1863e-01
