% f evaluations | g evaluations | best noise-free fitness - Fopt (1.026100000000e+02) + sum g_i+ | measured fitness | best measured fitness or single-digit g-values | x1 | x2...
1 0 +5.043726491e+02 +6.069826491e+02 +6.069826491e+02 +3.8093e+00 -1.3370e-01 +3.6933e-01 -4.1014e+00 -1.6950e-01 +3.3522e+00 +1.4911e+00 +1.8661e+00 +3.0782e+00 -2.6470e+00 +7.7284e-01 +1.1545e+00 +4.5964e+00 -3.8934e+00 +1.3571e+00 -1.9194e+00 +1.5425e+00 +2.4174e+00 +6.6427e-01 +5.6499e-02
56 0 +4.999173011e+02 +6.025273011e+02 +6.025273011e+02 +1.3700e+00 +2.1932e+00 -2.1609e+00 +1.6136e+00 +1.6453e+00 +3.5696e+00 +1.4007e+00 +4.7189e-01 -1.7586e+00 -1.2054e-01 +2.1256e+00 +1.8122e+00 -3.0694e-02 +1.4815e+00 -2.3345e+00 -3.7243e+00 +3.2846e+00 -2.5184e+00 -3.9459e-01 +9.4304e-01
104 0 +4.099694793e+02 +5.125794793e+02 +5.125794793e+02 -6.4955e-01 -5.3288e-01 +3.4119e-01 -2.4800e-01 -1.0156e+00 +3.1181e+00 +1.2129e+00 +9.5921e-01 +8.5373e-01 -5.6806e-02 +7.7555e-01 -9.4966e-01 +3.4501e+00 -3.6403e-01 +7.1931e-01 -3.4370e+00 +1.3181e+00 -5.4409e-01 -9.6499e-01 +2.2262e-01
105 0 +3.427255600e+02 +4.453355600e+02 +4.453355600e+02 +1.7359e+00 -3.1932e-01 +3.5625e-01 -2.3095e+00 -5.6295e-01 +3.2433e+00 +1.3617e+00 +1.4444e+00 +2.0438e+00 -1.4425e+00 +7.7410e-01 +1.7606e-01 +4.0634e+00 -2.2522e+00 +1.0605e+00 -2.6251e+00 +1.4381e+00 +1.0403e+00 -9.3357e-02 +1.3375e-01
563 0 +2.969535896e+02 +3.995635896e+02 +3.995635896e+02 -7.6254e-02 -1.0316e+00 -5.0799e-01 -4.3765e-01 +7.2345e-01 -3.3029e-01 -1.1820e+00 -1.1769e+00 +1.0213e+00 +6.8413e-01 +5.0060e-01 -5.0638e-01 +3.0145e+00 -2.5438e+00 +4.5298e-01 +3.6975e-01 +1.9129e+00 -3.3512e-01 -5.6531e-01 +1.2302e-01
653 0 +2.780466328e+02 +3.806566328e+02 +3.806566328e+02 -1.2018e+00 -1.7625e+00 -4.4954e-01 -1.0906e+00 -5.7704e-01 +1.3495e+00 -3.3246e-01 -1.2090e+00 +1.4671e+00 +2.7694e-01 +1.2475e+00 -1.2696e+00 +2.1996e+00 -6.9871e-01 +1.6451e+00 +6.2146e-01 +2.0966e+00 +4.0948e-01 +1.0374e+00 +1.6154e-01
703 0 +2.632641052e+02 +3.658741052e+02 +3.658741052e+02 -1.1125e-01 -1.4080e+00 -2.7132e-01 -1.7459e+00 -4.8835e-01 +1.7853e+00 +6.4407e-02 -5.3973e-01 +1.8178e+00 -3.5941e-01 +1.1442e+00 -7.4200e-01 +2.7212e+00 -1.3940e+00 +1.5825e+00 +6.8469e-02 +1.9760e+00 +8.4647e-01 +9.5615e-01 +1.3868e-01
1163 0 +2.540908895e+02 +3.567008895e+02 +3.567008895e+02 +1.1850e-01 -1.6924e+00 -5.6669e-01 -1.5389e+00 -1.0058e-01 +7.7530e-01 +3.1512e-02 -4.9809e-01 +1.7548e+00 -6.3506e-01 +6.1601e-01 -6.4842e-01 +2.4786e+00 -1.2797e+00 +9.4607e-01 +2.0571e-01 +1.9947e+00 +3.0103e-01 +6.6504e-01 +8.3689e-02
% f evaluations | g evaluations | best noise-free fitness - Fopt (9.330000000000e+01) + sum g_i+ | measured fitness | best measured fitness or single-digit g-values | x1 | x2...
1 0 +6.191039532e+02 +7.124039532e+02 +7.124039532e+02 -2.5414e-01 +3.0489e+00 -3.9048e+00 -4.2917e+00 +5.4237e-01 -1.4343e+00 +3.3859e+00 -5.6042e-01 +2.2790e-01 +3.6148e-01 -6.5015e-01 +9.7263e-01 +1.3709e+00 +8.3081e-01 +9.9596e-01 -1.0513e+00 -4.3058e+00 +1.1055e+00 -2.8761e+00 -2.1795e-01
2 0 +5.949362676e+02 +6.882362676e+02 +6.882362676e+02 -3.3216e+00 +2.7433e-01 -4.2551e+00 -1.6621e+00 -2.0427e+00 -4.0680e+00 +4.0064e-01 -6.4622e-01 -2.0700e+00 +4.8113e-01 -2.6733e-01 -3.7980e-01 +1.8162e+00 -3.1094e+00 +1.1088e+00 -1.3366e+00 +8.2687e-01 +1.3929e+00 +2.5165e+00 -2.2145e+00
3 0 +4.944328030e+02 +5.877328030e+02 +5.877328030e+02 -9.6383e-01 +2.4070e+00 -3.9858e+00 -3.6833e+00 -5.5709e-02 -2.0436e+00 +2.6953e+00 -5.8027e-01 -3.0373e-01 +3.8916e-01 -5.6158e-01 +6.5973e-01 +1.4739e+00 -8.0805e-02 +1.0221e+00 -1.1173e+00 -3.1183e+00 +1.1720e+00 -1.6284e+00 -6.7987e-01
53 0 +4.137146138e+02 +5.070146138e+02 +5.070146138e+02 +2.3438e-01 +1.8176e+00 -3.1011e+00 -3.9929e+00 -4.6581e-01 -1.4223e+00 +2.7625e+00 -2.4865e-01 +2.8873e-01 -4.1672e-01 +3.1836e-01 -4.2751e-02 +1.6987e+00 +1.2558e+00 +1.7228e-01 -5.9056e-02 -4.2536e+00 +1.4498e+00 -2.3007e+00 -1.0203e+00
102 0 +3.770016550e+02 +4.703016550e+02 +4.703016550e+02 +2.3997e+00 -2.3840e+00 -1.4205e-01 -2.7724e+00 -3.7235e+00 -1.7066e+00 -7.6892e-01 +1.5810e-01 +3.1712e-01 -2.8307e+00 +3.1902e+00 -2.5129e+00 +3.2487e+00 +9.2669e-01 -1.9475e+00 +2.0987e+00 -1.7843e+00 +3.0411e+00 +2.4524e-02 -2.8774e+00
155 0 +3.593286144e+02 +4.526286144e+02 +4.526286144e+02 +1.3043e+00 +5.3225e-01 -1.9432e+00 -2.8927e+00 -2.5143e-01 -1.8945e+00 +1.3824e+00 +4.0553e-01 +1.0228e+00 -1.3087e+00 -4.4809e-01 -1.0975e-01 +1.7828e+00 +5.6475e-01 +1.6584e-01 +4.3024e-01 -3.0887e+00 +8.2435e-01 -1.4296e+00 -6.4659e-01
452 0 +3.357957869e+02 +4.290957869e+02 +4.290957869e+02 +1.0354e+00 +1.0979e+00 -2.3546e+00 -3.5310e+00 -8.3111e-01 -1.7738e+00 +8.6640e-01 -7.6525e-01 +1.3940e-01 -6.3527e-01 +4.2459e-01 +3.9383e-01 +2.3135e+00 -4.0250e-01 +4.3923e-01 -8.3531e-01 -1.7048e+00 +2.0607e+00 -1.5172e+00 -5.6362e-01
506 0 +3.023200019e+02 +3.956200019e+02 +3.956200019e+02 +1.0755e+00 -1.4603e-01 -2.0481e+00 -2.1621e+00 +2.4342e-02 -5.7831e-01 +3.1619e-03 -1.0107e+00 -1.4466e-01 -3.0427e-01 -5.6328e-01 +1.0312e+00 +1.2550e+00 +4.2278e-01 +6.2141e-01 -3.2696e-01 -1.0545e+00 +5.0804e-01 -2.3043e+00 +4.4531e-02
555 0 +2.676236574e+02 +3.609236574e+02 +3.609236574e+02 +1.0814e+00 -1.2870e-01 -2.0454e+00 -2.1808e+00 +1.7297e-02 -6.1194e-01 +3.8397e-02 -9.7450e-01 -1.1483e-01 -3.2993e-01 -5.6033e-01 +1.0020e+00 +1.2685e+00 +4.2640e-01 +6.0977e-01 -3.0762e-01 -1.1065e+00 +5.1612e-01 -2.2820e+00 +2.6875e-02
761 0 +2.586822940e+02 +3.519822940e+02 +3.519822940e+02 +6.9339e-01 +8.9568e-01 -7.6942e-01 -1.3285e+00 +2.5023e-01 -1.5202e+00 +9.5147e-01 +3.2899e-01 +8.8242e-01 -1.2730e+00 +4.1491e-01 -3.0314e-01 +1.0263e+00 +2.6470e-01 +1.0439e-01 -6.1940e-01 -8.2711e-01 +9.6711e-02 -1.0760e-01 -6.8905e-01
% f evaluations | g evaluations | best noise-free fitness - Fopt (1.364000000000e+01) + sum g_i+ | measured fitness | best measured fitness or single-digit g-values | x1 | x2...
1 0 +6.891479607e+02 +7.027879607e+02 +7.027879607e+02 -2.4083e+00 +1.2598e+00 +3.7044e+00 -4.6016e+00 +1.6222e+00 -4.5319e+00 +2.3664e+00 -4.3982e+00 -7.6831e-01 +4.4687e-01 +2.6888e+00 -3.4260e+00 +9.0786e-01 -1.8288e+00 -1.9399e-01 +3.4883e-01 -1.5646e+00 +2.9020e+00 +1.8712e+00 +6.0457e-01
2 0 +5.849967155e+02 +5.986367155e+02 +5.986367155e+02 -3.2114e+00 -4.6586e+00 +2.9699e+00 -2.7195e+00 +2.8585e-01 +1.3721e-01 -1.2236e+00 -9.4370e-01 +1.5457e+00 +1.8652e+00 +1.2751e+00 -1.3349e+00 -1.2825e+00 -2.7956e+00 -1.3549e+00 -1.2660e-01 -3.2888e+00 +1.5271e+00 +1.4412e+00 -5.0264e-01
3 0 +5.656404936e+02 +5.792804936e+02 +5.792804936e+02 -3.2221e+00 -4.6757e+00 +2.4177e+00 -2.5562e+00 +1.4846e+00 -6.9532e-01 -1.2257e+00 -4.5196e-01 +1.8153e+00 +2.2802e+00 +3.6152e-01 -2.1028e+00 -4.7163e-01 -2.8473e+00 -1.7088e+00 +4.9751e-01 -2.9951e+00 +6.5553e-01 +2.0012e+00 -8.2315e-01
4 0 +4.323812989e+02 +4.460212989e+02 +4.460212989e+02 -1.6140e+00 +3.6610e+00 -1.3869e+00 +1.1873e+00 +2.0883e+00 -4.2996e+00 -1.2533e+00 -1.7460e+00 -2.0162e+00 -2.6581e+00 +2.3711e+00 -1.0958e+00 +1.9587e+00 +4.0197e-01 +4.3334e-01 +4.0649e+00 -2.0301e+00 +1.7207e-01 +1.7273e+00 +2.7576e+00
7 0 +3.431880844e+02 +3.568280844e+02 +3.568280844e+02 -1.8194e+00 +2.8194e+00 -1.5591e+00 +7.2640e-01 +2.4861e+00 -2.8736e+00 -1.6280e+00 -2.7472e+00 -1.5891e+00 -2.4488e+00 +1.3799e+00 -9.3842e-01 +1.1990e+00 -3.3505e-02 +1.3000e+00 +3.8578e+00 -2.2699e+00 +8.1099e-01 +1.3339e+00 +2.4287e+00
364 0 +2.905984623e+02 +3.042384623e+02 +3.042384623e+02 -1.2052e+00 +1.7682e+00 +1.0564e+00 -1.9937e+00 +1.3137e+00 -2.5271e+00 +9.2224e-02 -2.1043e+00 -2.1476e+00 -1.2102e+00 +1.3929e+00 -2.2577e+00 +1.6636e+00 +2.8112e-01 +9.2799e-02 +1.0881e+00 -6.6131e-01 +1.8938e+00 +1.0868e+00 +1.6470e-02
% f evaluations | g evaluations | best noise-free fitness - Fopt (1.948000000000e+02) + sum g_i+ | measured fitness | best measured fitness or single-digit g-values | x1 | x2...
1 0 +7.094390906e+02 +9.042390906e+02 +9.042390906e+02 +4.1052e+00 +3.0094e+00 +4.1198e+00 +2.8711e+00 +4.6710e+00 +7.8464e-02 +3.4958e+00 +4.4376e+00 +6.2472e-01 -1.2560e+00 +3.4901e+00 +4.9861e-01 +7.9679e-01 +2.8757e+00 -3.2449e+00 +3.6547e-01 -1.3812e+00 +5.9456e-01 -1.0012e-01 -1.7420e+00
2 0 +5.303446413e+02 +7.251446413e+02 +7.251446413e+02 +2.9590e+00 +2.4115e+00 +2.6009e-01 +5.7025e-01 -3.1458e+00 -2.4163e-01 -2.3774e+00 +1.6621e+00 +3.6673e+00 +3.8273e+00 -2.0648e+00 -2.5590e+00 -1.1114e+00 +2.1048e+00 +9.5935e-01 +1.3523e-01 +1.4741e+00 +1.9233e+00 -9.4331e-01 +2.4458e+00
6 0 +4.208901451e+02 +6.156901451e+02 +6.156901451e+02 -1.3040e+00 +2.5656e+00 +7.5332e-01 -1.6238e+00 -1.3147e+00 -6.8334e-01 -2.2227e-01 +1.3829e+00 -7.8669e-01 -1.1465e+00 -7.5227e-01 +2.6280e+00 -7.5751e-01 -2.9540e+00 +1.1040e-01 +2.0026e+00 +2.3120e+00 +1.9237e+00 -1.7706e+00 -1.4793e+00
7 0 +4.044005100e+02 +5.992005100e+02 +5.992005100e+02 +9.1099e-01 +2.0258e+00 +1.7111e+00 -7.3064e-01 +1.3457e+00 +6.7908e-01 +1.3667e-01 -7.5303e-01 +1.2062e+00 -2.0772e+00 -1.2778e+00 +4.4921e-01 +1.5255e+00 -3.3863e+00 +1.0795e+00 +1.6677e+00 +1.6097e+00 +2.1006e+00 +1.7107e+00 -1.3199e+00
302 0 +3.801672364e+02 +5.749672364e+02 +5.749672364e+02 +7.4721e-01 +1.2457e+00 +3.0385e+00 -3.1260e-03 +1.1926e+00 -1.5136e+00 +2.5676e+00 +2.3864e+00 +1.0363e+00 -9.2683e-01 +2.5371e+00 +1.6963e+00 +3.6596e-01 +1.9722e+00 -1.9265e+00 -2.6404e-01 +7.3671e-01 +8.6052e-01 -6.2288e-01 -1.2032e+00
514 0 +3.709848501e+02 +5.657848501e+02 +5.657848501e+02 -5.0201e-01 +1.9730e-01 +2.6957e+00 -1.1729e+00 +2.6162e-01 -1.5391e+00 +2.2473e+00 +1.8103e+00 +1.1003e+00 -1.0437e+00 +2.2342e+00 +2.3587e+00 -3.5673e-02 +1.6155e+00 -1.6903e+00 -3.1035e-01 +1.1616e+00 +4.3005e-01 -7.6473e-01 -1.0365e+00
611 0 +3.527390370e+02 +5.475390370e+02 +5.475390370e+02 -5.0201e-01 +4.3721e-01 +2.6957e+00 -1.1729e+00 +2.6162e-01 -1.5391e+00 +2.2473e+00 +1.8103e+00 +1.1003e+00 -1.0437e+00 +2.2342e+00 +2.3587e+00 -3.5673e-02 +1.6155e+00 -1.6903e+00 -8.7178e-02 +1.1616e+00 +4.3005e-01 -7.6473e-01 -1.0365e+00
755 0 +3.368414354e+02 +5.316414354e+02 +5.316414354e+02 -1.8723e-01 -1.1443e-01 +3.1379e+00 -1.0418e+00 +1.3563e+00 -3.5554e-01 +2.4866e+00 +2.0525e+00 +1.2852e+00 -1.5478e+00 +2.5471e+00 +2.5150e+00 -1.5684e-01 +1.9628e+00 -2.2447e+00 -2.9433e-01 +3.2694e-01 -6.5077e-01 -2.2212e-01 -1.0361e+00
1810 0 +3.228741494e+02 +5.176741494e+02 +5.176741494e+02 -2.5766e-01 -6.5531e-02 +3.0897e+00 -5.5485e-01 +1.1412e+00 -6.2728e-01 +2.4429e+00 +8.5895e-01 +1.0884e+00 -1.3905e+00 +5.6552e-01 +2.4916e+00 -1.1891e-01 +1.9174e+00 -2.1552e+00 -3.4945e-01 +4.9607e-01 -4.3864e-01 -2.1648e-01 -1.0348e+00
% f evaluations | g evaluations | best noise-free fitness - Fopt (-1.335900000000e+02) + sum g_i+ | measured fitness | best measured fitness or single-digit g-values | x1 | x2...
1 0 +6.045435739e+02 +4.709535739e+02 +4.709535739e+02 -1.5651e+00 -3.1787e+00 +5.3384e-01 +3.6255e+00 +1.1492e+00 -3.8697e+00 +4.7750e+00 -4.5078e+00 -4.2407e-01 -8.6007e-01 +9.1742e-01 -1.0563e+00 -8.7843e-01 +1.4433e+00 -1.1499e+00 -3.8011e-01 +1.0391e+00 -1.3039e+00 +2.0372e+00 +2.6153e+00
2 0 +5.382603690e+02 +4.046703690e+02 +4.046703690e+02 -1.0468e+00 -8.0916e-01 -1.0155e+00 +2.5175e+00 +2.3711e+00 -3.0985e+00 +4.5175e+00 -1.9068e+00 +8.7064e-01 -7.5988e-01 -5.9713e-01 -1.9180e+00 +8.5914e-01 +5.3966e-01 -1.2393e+00 -1.0500e+00 +1.1734e+00 +1.5354e+00 -5.0903e-01 +2.8705e+00
3 0 +5.312111079e+02 +3.976211079e+02 +3.976211079e+02 -1.0172e+00 -6.7376e-01 -1.1040e+00 +2.4542e+00 +2.4410e+00 -3.0544e+00 +4.5028e+00 -1.7582e+00 +9.4462e-01 -7.5416e-01 -6.8368e-01 -1.9673e+00 +9.5843e-01 +4.8803e-01 -1.2444e+00 -1.0883e+00 +1.1811e+00 +1.6976e+00 -6.5452e-01 +2.8851e+00
4 0 +4.923221387e+02 +3.587321387e+02 +3.587321387e+02 +1.3467e+00 -3.9347e+00 +1.0523e+00 +1.6449e+00 -1.5440e+00 +5.3390e-01 -2.9644e-01 -2.7165e+00 +1.9312e+00 -1.2579e+00 +1.1521e-01 -1.9610e+00 +2.5578e-01 +2.6952e+00 +1.6142e+00 -1.4297e-01 -2.1370e-01 +1.3814e+00 +1.8231e+00 +2.2461e+00
8 0 +4.442173037e+02 +3.106273037e+02 +3.106273037e+02 -1.6198e+00 -4.1523e-01 -1.7608e+00 +7.1973e-01 -6.2572e-01 -3.0943e-01 -2.7490e+00 +3.2720e+00 +6.8878e-01 +3.3300e+00 +4.1242e-01 +2.3447e+00 -3.3368e-01 +4.0175e-01 +1.0711e+00 +6.3327e-01 +1.2062e+00 +8.9589e-01 -9.3437e-02 +1.8908e+00
155 0 +3.933793646e+02 +2.597893646e+02 +2.597893646e+02 -2.4214e-01 -2.1938e-01 +3.9631e-01 +6.9646e-01 +6.4068e-01 -1.3740e+00 +4.0824e-01 -2.7806e+00 -1.8846e+00 +2.2989e+00 +1.5355e+00 +6.8368e-01 +5.8205e-01 +5.7427e-01 -1.0479e+00 +3.1830e+00 -2.1619e+00 +3.1140e+00 -2.0919e+00 -1.9105e+00
407 0 +3.717772802e+02 +2.381872802e+02 +2.381872802e+02 +1.6775e-01 -1.7281e+00 +9.6559e-01 +2.2357e+00 +3.6216e-01 -1.8785e+00 +2.4641e+00 -3.0069e+00 +9.8754e-01 +6.2677e-01 -4.7092e-01 -1.0250e+00 +7.9239e-01 +1.7863e+00 -1.4002e+00 +6.6153e-01 +7.2595e-01 -9.8299e-02 +6.1490e-01 +1.7745e+00
555 0 +3.410007597e+02 +2.074107597e+02 +2.074107597e+02 -4.4483e-01 +3.0752e-02 +9.4578e-01 +9.8113e-02 +5.7487e-01 -1.6280e+00 +2.7531e+00 -1.7216e+00 -4.6426e-02 -1.3033e-01 -3.2813e-01 -2.1421e-01 +4.2882e-01 +1.0778e+00 -2.3826e+00 -1.5267e-01 +1.5581e-01 +1.6425e-01 -6.4716e-01 +5.5054e-03
% f evaluations | g evaluations | best noise-free fitness - Fopt (-3.085000000000e+01) + sum g_i+ | measured fitness | best measured fitness or single-digit g-values | x1 | x2...
1 0 +5.792830832e+02 +5.484330832e+02 +5.484330832e+02 -4.5052e+00 +2.5010e+00 +7.4705e-01 +1.1378e+00 +6.7256e-01 +2.6511e+00 -3.9814e-02 -2.5838e+00 +1.4657e-01 -6.3566e-01 -2.2862e+00 -4.6641e+00 +9.8014e-01 +1.8510e+00 -4.3689e+00 -2.9775e+00 +2.7173e+00 +1.7971e+00 -6.2542e-01 -1.3766e+00
2 0 +5.495129106e+02 +5.186629106e+02 +5.186629106e+02 +9.6094e-01 +2.6080e+00 +1.1963e-01 -2.9174e+00 -8.4509e-02 -3.5621e+00 -1.8745e+00 +1.8453e-01 +2.2061e-02 -2.9256e+00 +1.8400e+00 +1.7619e+00 +1.4728e+00 -2.6830e-01 -3.0167e-01 +3.1979e+00 -4.9401e-01 +4.0159e+00 +1.0295e+00 -2.8214e+00
3 0 +4.697744201e+02 +4.389244201e+02 +4.389244201e+02 -1.3080e+00 +3.7194e+00 +3.1797e+00 +3.3984e-01 -2.6108e+00 -1.3718e+00 -1.0505e+00 +3.1908e+00 -6.4076e-01 +3.1070e-01 -1.6039e+00 +1.0827e-01 -1.2223e+00 -2.6562e+00 +1.2586e+00 +2.6333e+00 +4.8744e-01 +3.4286e+00 -5.5384e-01 +1.7926e-01
54 0 +3.535688347e+02 +3.227188347e+02 +3.227188347e+02 +3.7069e-01 +6.6293e-01 -7.4927e-01 -1.6253e+00 +3.4933e+00 -1.6843e+00 +2.5317e+00 -1.7716e+00 -9.2074e-01 +1.5554e+00 +1.5725e+00 +1.5888e-01 +1.9554e+00 +4.6053e-01 +1.7811e+00 -1.2937e+00 -7.3738e-01 +2.3305e+00 -7.6682e-01 +1.0024e+00
512 0 +3.454687296e+02 +3.146187296e+02 +3.146187296e+02 -2.1481e+00 +2.3572e+00 +1.5116e+00 -4.4354e-01 +1.6090e+00 +1.7340e+00 +1.1701e+00 -1.1450e+00 -1.4097e-01 +2.7063e-01 -1.6644e+00 -3.3136e+00 +1.0137e-01 +1.6467e+00 -2.4250e+00 -2.1802e+00 +1.8765e+00 +1.3634e-02 +4.5836e-01 -1.1937e+00
602 0 +3.263958581e+02 +2.955458581e+02 +2.955458581e+02 -3.4337e+00 +1.3203e+00 +4.3855e-01 -9.7589e-02 +2.8283e-01 +1.9949e+00 +8.9071e-01 -6.4178e-01 +8.3100e-01 +7.2992e-01 -1.1235e+00 -2.6507e+00 +6.2378e-01 +4.9438e-01 -3.7519e+00 -2.2273e+00 +1.4901e+00 +5.3658e-01 -7.5205e-01 -1.2228e+00
706 0 +3.167012045e+02 +2.858512045e+02 +2.858512045e+02 -1.6154e+00 +2.4078e+00 +1.5635e+00 -8.2395e-01 +2.0236e+00 +1.1959e+00 +1.5220e+00 -4.7527e-01 -1.3534e-01 +4.8506e-01 -1.8763e+00 -3.2676e+00 +1.2274e-01 +1.3763e+00 -1.6020e+00 -2.0201e+00 +1.9368e+00 +1.5215e+00 +8.5856e-01 -1.2217e+00
% f evaluations | g evaluations | best noise-free fitness - Fopt (-9.200000000000e+00) + sum g_i+ | measured fitness | best measured fitness or single-digit g-values | x1 | x2...
1 0 +5.177561430e+02 +5.085561430e+02 +5.085561430e+02 +9.2745e-01 -2.7865e+00 -1.8820e+00 +2.8485e+00 -4.7724e+00 -2.0062e+00 +4.8003e-01 +2.1561e+00 -1.2510e+00 -1.7125e+00 -4.2706e+00 +1.0322e-02 +4.3867e+00 +1.7585e+00 +2.2282e+00 +2.2290e+00 +3.8669e-01 +1.1497e+00 +1.3269e-01 -1.6921e+00
4 0 +4.612257553e+02 +4.520257553e+02 +4.520257553e+02 +2.3580e-01 +2.6546e+00 +6.0042e-01 -2.0834e+00 +2.4239e-01 -6.1427e-01 -2.8099e+00 +8.3271e-01 -2.3926e+00 +1.7951e-01 -1.8455e+00 +3.0781e+00 +1.2176e-01 -1.1154e+00 -7.3799e-01 +3.3356e+00 -3.7560e-01 -7.3038e-01 +9.0690e-01 -1.3159e+00
5 0 +4.537998352e+02 +4.445998352e+02 +4.445998352e+02 +5.8833e-02 +2.6075e+00 +6.3604e-01 -2.2119e+00 +1.7052e-01 -7.9908e-01 -2.7143e+00 +8.6014e-01 -2.3679e+00 +2.6733e-01 -1.7641e+00 +3.1153e+00 +2.1829e-01 -1.1276e+00 -6.0650e-01 +3.3389e+00 -3.9328e-01 -5.7185e-01 +9.3020e-01 -1.4384e+00
106 0 +4.214651601e+02 +4.122651601e+02 +4.122651601e+02 +1.7304e+00 +2.5555e+00 -2.9562e+00 -5.8986e-01 -6.0534e-01 -3.9618e-01 +7.5008e-02 -1.6833e+00 -1.5834e+00 +1.7872e+00 -2.3667e+00 +1.2304e+00 +2.1847e+00 -1.0447e+00 +3.2780e+00 +3.5745e+00 -1.7030e+00 +2.7823e+00 +4.1793e-01 +2.8053e+00
206 0 +3.898261042e+02 +3.806261042e+02 +3.806261042e+02 -1.2063e-01 -3.0119e+00 -4.8984e-01 +1.8838e+00 -1.9152e+00 -1.7124e+00 +2.0340e+00 +1.3291e+00 +3.8149e-01 +6.3970e-01 +1.1366e-04 +4.3947e-01 +2.4096e+00 +1.0651e+00 +9.6141e-01 +5.3756e-01 +4.8320e-01 -3.1925e-01 +2.4287e+00 -1.5203e+00
407 0 +3.843815358e+02 +3.751815358e+02 +3.751815358e+02 -3.5400e-01 -2.8421e+00 -1.8765e-01 +2.2894e+00 -2.1043e+00 -1.6984e+00 +1.6243e+00 +1.4748e+00 +5.1134e-01 +6.0543e-01 +2.0243e-01 +3.3493e-01 +2.1358e+00 +1.4047e+00 +6.6970e-01 +2.9132e-01 +2.6786e-01 -9.0736e-01 +1.2038e+00 -1.5824e+00
457 0 +3.530028194e+02 +3.438028194e+02 +3.438028194e+02 +7.7833e-01 -1.9842e+00 +2.0640e+00 +1.3540e+00 +6.1023e-01 -6.2807e-01 +9.7945e-01 -1.2212e+00 +2.5363e+00 +2.1740e+00 +1.3007e+00 -1.5484e+00 +7.7310e-01 +3.0963e-01 +2.5858e-01 -3.1991e-01 -8.0619e-01 -1.4916e+00 -2.0304e-01 +4.3149e-02
604 0 +3.220888861e+02 +3.128888861e+02 +3.128888861e+02 -1.6751e-02 -1.8233e+00 +2.3639e-01 +2.2399e+00 +4.4536e-02 -1.0921e+00 +1.4529e+00 +3.8717e-01 +1.1672e+00 +9.4354e-01 +1.0767e-01 -6.5930e-01 -1.4096e-02 +6.4195e-01 -2.8078e-02 -5.0293e-01 -6.2975e-03 -1.3075e+00 +1.6499e+00 -1.3489e+00
756 0 +3.098554301e+02 +3.006554301e+02 +3.006554301e+02 +1.0960e+00 -1.3475e+00 -1.1075e-01 +2.7105e+00 +7.2196e-01 -1.5268e+00 +1.2877e+00 +1.4311e-01 +7.1506e-01 +1.2451e+00 -5.4291e-01 -1.3784e+00 -1.3278e-01 +5.5258e-01 +6.2200e-01 -2.3479e-01 +4.3869e-01 -1.0302e+00 +3.6715e-01 -4.4119e-01
804 0 +2.867994758e+02 +2.775994758e+02 +2.775994758e+02 +9.2686e-01 -1.4320e+00 -2.2851e-01 +2.7848e+00 +8.9645e-01 -1.7428e+00 +1.6653e+00 +4.0273e-01 +6.0287e-01 +1.6349e+00 -5.2920e-02 -1.2213e+00 -3.4927e-01 +6.7082e-01 +5.9788e-01 -4.2476e-01 +6.6345e-01 -1.2349e+00 +5.9569e-01 -4.7050e-01
1313 0 +2.798497924e+02 +2.706497924e+02 +2.706497924e+02 +8.9965e-01 -8.6437e-02 -2.4745e-01 +2.7968e+00 +9.2452e-01 -1.7776e+00 +1.0391e+00 +4.4448e-01 +5.8482e-01 +1.6975e+00 +2.5885e-02 -1.1960e+00 -3.8408e-01 +6.8984e-01 +5.9400e-01 -4.5531e-01 +6.9960e-01 -1.2679e+00 +6.3244e-01 -4.7521e-01
% f evaluations | g evaluations | best noise-free fitness - Fopt (-2.037600000000e+02) + sum g_i+ | measured fitness | best measured fitness or single-digit g-values | x1 | x2...
1 0 +5.967453944e+02 +3.929853944e+02 +3.929853944e+02 -5.6155e-01 +2.5803e+00 -5.2365e-01 +2.6636e+00 +1.8840e+00 -1.3170e+00 -4.0950e-01 +4.4446e+00 +1.9368e+00 -2.4906e+00 +1.7495e-01 -4.9910e-01 -1.8764e-01 -4.3755e+00 +3.6793e-01 +3.1226e+00 +1.6620e+00 +1.3249e-01 -4.0819e-01 -2.0234e+00
4 0 +4.991587208e+02 +2.953987208e+02 +2.953987208e+02 -3.1453e+00 -3.1012e+00 +2.7810e+00 -2.1843e+00 +3.3867e-01 -3.4765e+00 -2.2590e+00 +5.8198e-01 -7.8740e-01 +6.4815e-01 +1.0922e+00 +3.0682e+00 -5.6449e-01 +1.8792e-01 -2.0775e+00 -1.5918e+00 -1.8661e+00 -9.2631e-01 +2.6892e+00 +6.3472e-01
5 0 +4.523913896e+02 +2.486313896e+02 +2.486313896e+02 -2.9449e+00 -2.6655e+00 +2.9619e+00 -2.0792e+00 -3.9747e-01 -3.2964e+00 -2.4013e+00 +8.0205e-01 -3.8571e-01 +9.7492e-01 +1.4249e+00 +3.2627e+00 -5.5529e-01 -1.3292e-01 -1.6808e+00 -1.2734e+00 -1.0990e+00 +1.6029e-01 +3.1513e+00 -1.7617e-01
9 0 +4.047168740e+02 +2.009568740e+02 +2.009568740e+02 +5.2297e-01 +2.9940e+00 -9.6764e-01 +1.4738e+00 +2.1756e+00 -6.0577e-01 -7.2657e-01 +2.7860e+00 +1.9330e+00 -2.9079e+00 +5.1671e-01 +5.7356e-02 -1.1496e-01 -3.2711e+00 -4.7307e-01 +1.6796e+00 +5.2831e-01 -1.5488e-01 +4.2744e-01 -2.3182e+00
208 0 +3.721263025e+02 +1.683663025e+02 +1.683663025e+02 +4.3907e-01 +1.5714e+00 +2.5226e-01 +2.7611e+00 +8.7396e-01 +5.3690e-02 +3.5370e-01 +1.6704e+00 +1.9166e+00 -2.6429e+00 +1.8205e-02 +4.6397e-01 -1.4714e-01 -3.5760e+00 +1.0822e+00 +2.2251e+00 -5.1457e-01 -1.4175e+00 +3.3771e-01 -1.7852e+00
403 0 +3.641001911e+02 +1.603401911e+02 +1.603401911e+02 -2.5006e-01 +1.2044e+00 +4.7549e-02 +1.1648e+00 +7.5006e-02 -1.0508e-01 +4.9272e-01 +3.0750e+00 +1.8598e+00 -1.8167e+00 +1.7619e-01 -2.3008e-01 -3.3874e-01 -3.9512e+00 -4.9130e-01 +2.7004e+00 +9.6844e-01 -8.8654e-01 +3.6356e-01 -2.1540e+00
454 0 +3.339660825e+02 +1.302060825e+02 +1.302060825e+02 -3.7429e-01 +1.1513e+00 +3.6244e-01 +1.2313e+00 +4.2101e-01 -4.4181e-01 +7.8964e-01 +2.4234e+00 +1.5811e+00 -1.5069e+00 +2.0064e-01 -3.3418e-01 -5.6743e-01 -3.2221e+00 -2.8641e-01 +2.6582e+00 +5.8658e-01 -1.1467e+00 -1.4666e-04 -1.8820e+00
603 0 +3.186981474e+02 +1.149381474e+02 +1.149381474e+02 +6.0354e-01 +2.3480e+00 +1.3749e-01 +2.0952e+00 +3.4290e-02 +1.4610e-01 +4.7209e-01 +2.8491e+00 +2.2212e+00 -2.5989e+00 -5.2507e-01 -4.3682e-01 +5.7088e-01 -3.7979e+00 +2.2319e-01 +2.3684e+00 +2.0070e-01 -1.0145e+00 +3.5908e-01 -8.9312e-01
% f evaluations | g evaluations | best noise-free fitness - Fopt (3.399000000000e+01) + sum g_i+ | measured fitness | best measured fitness or single-digit g-values | x1 | x2...
1 0 +7.515610085e+02 +7.855510085e+02 +7.855510085e+02 -3.2043e+00 +1.5741e+00 -2.7333e+00 -1.3882e+00 +1.5254e-01 +3.9972e+00 +2.3801e+00 -3.4577e+00 -3.7983e+00 -9.3510e-01 +4.5869e+00 +1.8746e+00 -3.0349e+00 +1.5188e-01 -3.5246e+00 +2.4652e+00 +1.8299e+00 -1.2606e-01 -4.7598e-01 +2.9565e-01
2 0 +6.648237435e+02 +6.988137435e+02 +6.988137435e+02 -1.0893e+00 -2.2740e+00 +2.8656e+00 +1.3767e+00 +2.0319e+00 -3.1420e+00 +3.2080e+00 -1.8085e+00 +4.6509e+00 -1.9719e+00 -1.8786e+00 -4.1866e+00 -1.8285e-01 -1.5451e+00 -3.2317e+00 +2.4281e+00 +2.3104e+00 -2.8507e+00 -2.1709e+00 -2.1552e+00
4 0 +5.581704895e+02 +5.921604895e+02 +5.921604895e+02 -2.8182e+00 +8.4298e-01 -1.6749e+00 -8.6580e-01 +5.0870e-01 +2.6385e+00 +2.5406e+00 -3.1543e+00 -2.1933e+00 -1.1446e+00 +3.3591e+00 +7.2841e-01 -2.4920e+00 -1.7995e-01 -3.4656e+00 +2.4704e+00 +1.9208e+00 -6.3661e-01 -8.0282e-01 -1.6703e-01
5 0 +5.112317987e+02 +5.452217987e+02 +5.452217987e+02 -1.5397e+00 -1.5783e+00 +1.8305e+00 +8.6445e-01 +1.6883e+00 -1.8612e+00 +3.0722e+00 -2.1494e+00 +3.1222e+00 -1.8385e+00 -7.0738e-01 -3.0675e+00 -6.9403e-01 -1.2789e+00 -3.2704e+00 +2.4876e+00 +2.2219e+00 -2.3275e+00 -1.8853e+00 -1.6994e+00
103 0 +4.941586073e+02 +5.281486073e+02 +5.281486073e+02 -5.7550e-01 +7.4588e-01 -7.9466e-01 -3.9717e-01 +6.8032e-01 +2.7750e+00 +2.0513e+00 -1.7345e+00 -1.9377e+00 +5.6618e-01 +3.1174e+00 -1.7723e-01 -2.5612e+00 +1.0826e+00 -3.9153e+00 +7.7153e-01 +1.9863e+00 -1.6906e+00 -1.7864e-01 -6.4011e-01
108 0 +4.836564268e+02 +5.176464268e+02 +5.176464268e+02 -1.1916e+00 -1.8804e+00 -2.2805e+00 +1.7832e+00 -1.5102e+00 +1.4229e+00 +8.5395e-01 -1.5683e+00 +9.2053e-01 -2.0895e+00 -2.2754e+00 -1.7794e+00 -1.2715e+00 -7.1456e-01 -3.3572e-01 +1.2431e-01 -2.7418e-01 -1.7454e+00 -5.1455e-01 -1.1583e+00
202 0 +4.110690018e+02 +4.450590018e+02 +4.450590018e+02 +1.9647e+00 -1.2643e+00 -1.8059e-01 -9.2180e-02 -1.7323e+00 +2.7136e+00 +1.4521e+00 -1.1176e+00 +1.3681e+00 +1.4239e-02 -3.0124e+00 -2.7620e+00 -1.8989e+00 +1.4883e+00 -6.8632e-02 -1.2671e-01 +1.5498e+00 -4.1550e-01 -2.6586e-01 +6.2757e-01
404 0 +3.789605850e+02 +4.129505850e+02 +4.129505850e+02 +5.0448e-01 +1.2232e-02 -9.0620e-01 +7.7852e-01 -2.0522e-01 +1.6739e+00 +1.4404e+00 -9.4085e-01 -1.4037e+00 +7.5625e-01 +1.2239e+00 -1.9511e+00 -2.6455e+00 +1.9064e+00 -3.0869e+00 -3.8760e-01 +1.2617e+00 -1.9993e+00 +7.4795e-02 -1.7033e+00
554 0 +3.706283478e+02 +4.046183478e+02 +4.046183478e+02 -5.8850e-01 +6.8039e-02 -1.4508e+00 -6.2855e-01 -8.4930e-01 +3.1930e+00 +1.8791e+00 -2.2516e+00 -1.1176e+00 -5.0574e-01 +5.9563e-01 -6.1342e-01 -2.4507e+00 +8.3659e-01 -1.7205e+00 +1.1244e+00 +1.6288e+00 -2.9185e-01 -3.6561e-01 +3.5643e-01
% f evaluations | g evaluations | best noise-free fitness - Fopt (-1.000000000000e+03) + sum g_i+ | measured fitness | best measured fitness or single-digit g-values | x1 | x2...
1 0 +7.257332043e+02 -2.742667957e+02 -2.742667957e+02 -3.8288e+00 +2.4018e-01 +2.7201e+00 -1.6579e+00 -3.1377e+00 -4.7766e+00 -4.4158e+00 -1.7198e+00 +3.7751e+00 +4.4101e+00 +5.8788e-01 -1.6475e+00 +9.1795e-01 +6.8236e-01 -6.2795e-02 -1.9763e+00 +1.6745e+00 -1.1505e+00 +5.6989e-01 -3.9525e-03
3 0 +4.833085432e+02 -5.166914568e+02 -5.166914568e+02 +3.4406e+00 +2.8792e+00 +1.2580e+00 -1.3589e+00 -5.2900e-01 +2.3005e+00 -2.1338e+00 +1.4120e+00 +4.1916e-01 -1.7044e+00 -1.0175e+00 +2.0539e+00 -1.8872e-02 +4.1863e+00 -1.7969e+00 +1.4971e+00 +3.2106e+00 -1.1343e+00 +1.2199e+00 -3.3088e-01
4 0 +3.998830512e+02 -6.001169488e+02 -6.001169488e+02 +1.7874e+00 +6.6929e-01 -5.4773e-03 -2.8156e+00 -2.4602e+00 +3.0999e+00 -3.4433e+00 +6.7063e-01 +7.2843e-01 -3.0996e-01 +2.3105e-01 +1.5143e+00 -1.3881e+00 +1.7086e+00 -2.2689e+00 +9.1057e-01 +2.0322e+00 -3.0404e+00 +3.8663e-02 +5.7449e-01
102 0 +3.617524171e+02 -6.382475829e+02 -6.382475829e+02 -2.0497e-02 -2.7365e-04 -7.3658e-02 -1.6489e+00 -2.9853e+00 +9.4809e-01 -3.1727e+00 -4.5671e-01 +5.6652e-01 -2.8823e-01 +8.1196e-01 -1.4485e-01 -1.5369e+00 +9.9058e-01 -1.9507e+00 +6.9109e-01 +1.2411e+00 -3.5982e+00 -1.2475e+00 -1.3771e-01
552 0 +3.522245512e+02 -6.477754488e+02 -6.477754488e+02 +6.0024e-01 +5.3479e-01 +1.1370e+00 -1.1399e-01 -2.0140e+00 -4.1305e-01 -3.0323e+00 +5.3135e-02 +8.7674e-01 -9.6572e-01 -1.6803e-01 -2.2353e-01 -4.9848e-01 +2.5952e+00 -6.4965e-01 +5.7486e-01 +1.9930e+00 -3.1298e+00 -1.1382e+00 +9.5632e-03
% f evaluations | g evaluations | best noise-free fitness - Fopt (-1.000000000000e+03) + sum g_i+ | measured fitness | best measured fitness or single-digit g-values | x1 | x2...
1 0 +7.335041978e+02 -2.664958022e+02 -2.664958022e+02 +2.0484e+00 +1.3683e+00 -1.5764e+00 +4.5267e+00 -4.3127e+00 -1.2242e+00 -2.7517e+00 -3.4449e+00 -1.3710e+00 +2.9568e+00 +6.3932e-01 -2.8948e+00 -1.0454e+00 -1.8249e+00 +3.4700e+00 -2.5543e+00 -2.1776e+00 -1.1491e+00 -2.9969e+00 +2.8735e-01
2 0 +6.057952277e+02 -3.942047723e+02 -3.942047723e+02 +2.1722e+00 +1.2697e+00 -7.4813e-01 +1.5200e+00 -1.8271e+00 -4.5379e-01 -1.9959e+00 -3.6486e+00 -2.3516e+00 +1.1844e+00 -8.8740e-01 -2.3505e-01 -4.0688e-01 -2.8387e+00 +3.1200e+00 -3.3369e+00 -2.1924e+00 -1.2518e+00 -2.4721e-01 +1.0450e+00
3 0 +5.278601855e+02 -4.721398145e+02 -4.721398145e+02 +2.1772e+00 +1.2657e+00 -7.1471e-01 +1.3987e+00 -1.7268e+00 -4.2270e-01 -1.9654e+00 -3.6568e+00 -2.3911e+00 +1.1129e+00 -9.4900e-01 -1.2774e-01 -3.8112e-01 -2.8796e+00 +3.1059e+00 -3.3685e+00 -2.1930e+00 -1.2559e+00 -1.3626e-01 +1.0756e+00
4 0 +5.059208427e+02 -4.940791573e+02 -4.940791573e+02 -2.3196e+00 +3.2008e+00 -3.9699e+00 +2.6827e+00 +4.8856e-02 -1.2458e+00 +7.5381e-01 +1.1585e+00 -1.9721e+00 +2.9818e+00 -1.4050e+00 +1.5642e+00 -4.6273e-01 +9.4580e-01 -6.0672e-01 -1.5858e+00 +1.1794e+00 +1.8918e-01 +2.6447e+00 +1.4483e+00
9 0 +4.825615286e+02 -5.174384714e+02 -5.174384714e+02 -1.4235e-01 +2.5423e-01 -2.7061e+00 -1.3939e+00 +6.3111e-01 -1.5371e+00 +5.3259e-01 +2.3821e+00 -9.9860e-01 +2.8399e+00 +3.1932e+00 -1.1905e+00 +2.6046e+00 -1.9241e+00 +1.4481e+00 -1.2673e+00 -1.4758e-01 -1.9470e+00 +1.5602e+00 +2.5658e+00
54 0 +4.272171586e+02 -5.727828414e+02 -5.727828414e+02 +4.3329e-01 +2.0162e+00 -1.9771e+00 +1.8966e+00 -1.0382e+00 -7.4191e-01 -9.1087e-01 -1.7894e+00 -2.2286e+00 +1.8377e+00 -1.1259e+00 +5.2839e-01 -4.1277e-01 -1.3961e+00 +1.6661e+00 -2.6771e+00 -8.8515e-01 -6.9550e-01 +9.4220e-01 +1.2201e+00
55 0 +4.248149525e+02 -5.751850475e+02 -5.751850475e+02 -5.7573e-01 +2.4504e+00 -2.7075e+00 +2.1848e+00 -6.3977e-01 -9.2661e-01 -3.0071e-01 -7.0888e-01 -2.1346e+00 +2.2570e+00 -1.2282e+00 +9.0803e-01 -4.3108e-01 -5.3770e-01 +8.3305e-01 -2.2771e+00 -1.2842e-01 -3.7123e-01 +1.5662e+00 +1.3037e+00
107 0 +3.806448229e+02 -6.193551771e+02 -6.193551771e+02 +6.3553e-01 +1.4588e+00 -1.4119e+00 +1.6642e+00 -6.1259e-01 -6.4316e-01 -4.0013e-01 -1.5617e+00 -1.5673e+00 +1.9729e+00 -6.5138e-01 +3.3593e-01 -4.7541e-01 -1.1784e+00 +1.1752e+00 -2.5919e+00 -6.5752e-01 -9.8755e-01 +1.1227e+00 +1.2823e+00
152 0 +3.689962210e+02 -6.310037790e+02 -6.310037790e+02 +5.6839e-01 +1.2659e+00 -5.2271e-01 +1.1651e+00 -3.7573e-01 -9.8339e-01 -4.4451e-01 -4.9622e-01 -2.3155e+00 +6.9166e-01 -1.2904e+00 -7.2658e-01 -3.1954e-01 -7.3790e-01 +1.7480e+00 -8.8887e-01 -2.1079e-01 -2.7512e-02 -4.0177e-01 +2.1420e+00
313 0 +3.523667786e+02 -6.476332214e+02 -6.476332214e+02 +4.1518e-02 -5.8433e-01 +1.5673e+00 +9.7209e-02 +3.5607e-01 +7.4564e-01 +1.2356e+00 -2.0690e+00 -3.0470e-01 -2.4251e-01 +9.4119e-01 +6.8002e-02 -8.2397e-01 +1.7718e+00 -1.4057e+00 -3.9938e-02 +1.5350e+00 -3.6460e+00 +1.8172e+00 -3.3403e-01
702 0 +2.954408885e+02 -7.045591115e+02 -7.045591115e+02 -1.1842e+00 +1.0011e-02 -3.0034e-03 +2.5557e-01 -7.5822e-01 +6.3653e-01 -7.7670e-01 -2.8949e+00 -2.4901e+00 -1.0902e-01 +1.3246e+00 +9.0860e-02 +4.8492e-01 +2.0577e+00 -1.4701e+00 +7.9376e-01 +2.3507e+00 -2.9274e+00 +1.4878e+00 -1.6355e+00
% f evaluations | g evaluations | best noise-free fitness - Fopt (-1.272000000000e+01) + sum g_i+ | measured fitness | best measured fitness or single-digit g-values | x1 | x2...
1 0 +6.619747955e+02 +6.492547955e+02 +6.492547955e+02 +4.4294e+00 +4.2254e+00 +4.3051e+00 +4.3011e+00 -1.8623e+00 -7.4496e-01 +4.1254e+00 +1.8500e+00 -3.4549e-01 -9.5195e-01 +3.1632e-01 +2.4553e+00 -1.0956e+00 +1.8580e+00 +1.5638e-01 -2.6011e+00 -1.9063e+00 -1.5863e-01 -2.9083e+00 +1.1115e+00
4 0 +4.899631628e+02 +4.772431628e+02 +4.772431628e+02 -3.3416e+00 +1.6078e+00 -4.0740e-01 +2.3716e+00 -1.5253e+00 +1.1937e+00 -3.0417e-01 -2.0328e-01 +2.8104e+00 +2.7236e+00 +1.0488e+00 +1.1262e+00 +1.4018e+00 +6.6309e-01 -1.3529e+00 +3.9038e-01 +2.9469e+00 +9.0156e-01 -5.2947e-01 -8.6559e-01
5 0 +3.946857455e+02 +3.819657455e+02 +3.819657455e+02 -3.3921e+00 +7.4086e-01 -1.2573e+00 +1.6988e+00 -1.7418e+00 +1.4232e+00 +6.0785e-01 +1.8142e-01 +2.3486e+00 +2.4128e+00 +6.1659e-01 +1.1061e+00 +2.0567e+00 -3.1082e-03 -1.3535e+00 +7.1506e-02 +2.8746e+00 +9.5944e-01 +5.9319e-02 -1.3102e+00
7 0 +3.782544586e+02 +3.655344586e+02 +3.655344586e+02 -2.9498e+00 -2.1153e+00 -3.3350e+00 +1.7016e-02 -9.2862e-01 +2.9275e+00 +2.4800e+00 +1.6674e+00 +3.4499e-01 +5.3087e-01 +1.5507e-01 +9.6767e-01 +2.0960e+00 -8.2558e-01 +1.0036e-01 -1.9509e+00 +1.4459e+00 -4.8057e-01 +2.7697e+00 -2.7286e+00
56 0 +3.487923087e+02 +3.360723087e+02 +3.360723087e+02 -1.9525e-01 +2.5165e-01 -4.8302e-01 +1.6162e+00 -1.2771e+00 +1.5566e+00 +3.0942e+00 +1.7356e+00 +8.7246e-02 -2.2646e-02 +2.1526e-01 +1.5230e+00 +9.0462e-01 +1.7617e-01 +1.2127e-01 -2.1936e+00 +1.9455e-01 -3.6039e-01 +6.5014e-01 -1.2951e+00
114 0 +3.205106249e+02 +3.077906249e+02 +3.077906249e+02 -1.9525e-01 +2.5165e-01 -4.8302e-01 +1.6162e+00 -1.2771e+00 +1.5566e+00 +3.0942e+00 +1.7356e+00 +8.7246e-02 -2.2646e-02 +2.1526e-01 +1.5230e+00 +9.0462e-01 +9.2802e-02 +1.2127e-01 -2.1936e+00 +1.9455e-01 -3.6039e-01 +6.5014e-01 -1.2951e+00
313 0 +2.766574588e+02 +2.639374588e+02 +2.639374588e+02 -1.9525e-01 +2.5165e-01 -4.8302e-01 +1.6162e+00 -1.2771e+00 +1.5566e+00 +3.0942e+00 +1.7356e+00 +8.7246e-02 -2.2646e-02 +2.1526e-01 +1.5230e+00 +9.0462e-01 +9.2802e-02 +3.0408e-02 -2.1936e+00 +1.9455e-01 -3.6039e-01 +6.5014e-01 -1.2951e+00
705 0 +2.723513861e+02 +2.596313861e+02 +2.596313861e+02 -7.1419e-01 -1.6313e-02 -6.9933e-01 +1.3997e+00 -1.2571e+00 +1.7698e+00 +2.3103e+00 +1.5604e+00 +3.5395e-01 +3.2579e-01 +2.4896e-01 +1.3531e+00 +1.0036e+00 +6.8631e-02 +4.0706e-03 -1.8359e+00 +5.5514e-01 -1.7864e-01 +8.8134e-01 -1.4628e+00
% f evaluations | g evaluations | best noise-free fitness - Fopt (-5.954000000000e+01) + sum g_i+ | measured fitness | best measured fitness or single-digit g-values | x1 | x2...
1 0 +5.573414933e+02 +4.978014933e+02 +4.978014933e+02 +1.9088e+00 -1.1111e+00 -6.0726e-01 +2.8993e+00 +3.5766e+00 -8.4133e-01 +3.8278e+00 -2.9334e+00 +3.4915e+00 +1.1933e+00 -8.6349e-01 -3.7458e-01 +2.2000e+00 -3.6709e+00 -7.7851e-01 +2.1002e+00 +2.4178e+00 +1.2389e+00 +2.2956e+00 -2.9679e+00
4 0 +4.388296953e+02 +3.792896953e+02 +3.792896953e+02 +2.6443e+00 -1.3988e-01 +9.0088e-01 +1.9591e+00 +1.7190e+00 +2.8610e-01 +1.8431e+00 -3.4062e+00 +1.6047e+00 +1.7326e+00 -8.8410e-01 +1.0071e+00 +1.6239e+00 -1.6206e+00 -1.0603e+00 +1.1556e+00 +2.0293e+00 +1.7545e+00 +9.2625e-01 -3.0129e+00
8 0 +4.051934446e+02 +3.456534446e+02 +3.456534446e+02 -1.4420e-02 +1.3209e-01 -8.5660e-01 -7.9087e-01 -2.0360e+00 -2.1273e+00 -4.3466e+00 -2.2344e+00 -2.4766e+00 -4.8618e-01 +3.0375e+00 -9.7659e-01 +1.1621e+00 -3.7335e-01 +8.4277e-01 +1.6142e+00 +8.2961e-01 -9.7638e-01 -1.7273e+00 -7.7932e-01
9 0 +3.299324221e+02 +2.703924221e+02 +2.703924221e+02 -2.7901e-01 +5.8292e-01 -1.2314e+00 -2.4586e-01 -2.1184e+00 -1.8526e+00 -4.2672e+00 -1.8255e+00 -2.0953e+00 -7.3974e-01 +3.2995e+00 -1.2444e+00 +1.1006e+00 -6.6044e-01 +4.0434e-02 +1.5567e+00 +1.8458e-01 -6.7739e-01 -2.0863e+00 -4.7597e-01
106 0 +3.179610176e+02 +2.584210176e+02 +2.584210176e+02 +2.5268e+00 -4.1040e-01 +1.0738e+00 +1.5118e+00 +1.3097e+00 +3.4903e-01 +8.1000e-01 -3.5323e+00 +1.1027e+00 +1.6731e+00 -8.4840e-01 +1.0488e+00 +1.0998e+00 -1.1061e+00 -7.2176e-01 +5.9497e-01 +1.8561e+00 +1.0783e+00 +9.1998e-01 -2.2857e+00
306 0 +3.061881307e+02 +2.466481307e+02 +2.466481307e+02 +2.0511e+00 -8.5249e-01 +3.8806e-01 +1.1056e+00 +1.3634e+00 +2.6987e-01 +1.7835e-01 -3.0636e+00 +9.0957e-01 +1.3335e+00 -7.5386e-01 +6.6476e-01 +8.3596e-01 -1.1739e+00 -1.9212e-01 +4.8874e-01 +1.4489e+00 +2.6000e-01 +8.8892e-01 -1.2676e+00
414 0 +2.786006865e+02 +2.190606865e+02 +2.190606865e+02 +9.2659e-01 -7.0520e-03 -4.3997e-01 +1.5397e+00 +2.0680e-01 -2.0128e-01 -1.2041e+00 -2.4031e+00 +3.5283e-01 +3.3016e-01 +8.7936e-01 -4.0993e-01 +6.1871e-01 -1.4192e+00 -1.2021e+00 +4.8820e-01 +3.2420e-01 +9.2694e-02 -1.6102e-01 -4.9213e-01
708 0 +2.745415998e+02 +2.150015998e+02 +2.150015998e+02 +1.4353e+00 -6.0269e-01 -1.1520e+00 +1.0232e+00 +1.5674e+00 +7.2759e-01 +6.8096e-01 -1.4398e+00 +9.2871e-01 +8.2832e-01 -5.6575e-01 +2.3345e-01 +1.5781e+00 -1.8525e+00 +9.5989e-03 +1.5995e+00 +6.8965e-01 +6.4151e-01 -6.9912e-02 -7.6868e-01
804 0 +2.550057336e+02 +1.954657336e+02 +1.954657336e+02 +1.3477e+00 -5.8170e-01 -1.0630e+00 +9.5888e-01 +1.3064e+00 +7.2834e-01 +4.6939e-01 -1.4075e+00 +8.5589e-01 +8.3098e-01 -5.1280e-01 +2.6744e-01 +1.4652e+00 -1.6561e+00 +1.2622e-01 +1.4928e+00 +6.5004e-01 +6.2662e-01 -2.0182e-01 -6.5154e-01
862 0 +2.219015897e+02 +1.623615897e+02 +1.623615897e+02 +1.3477e+00 -3.0154e-01 -1.0630e+00 +9.5888e-01 +1.3064e+00 +7.2834e-01 +4.6939e-01 -1.4075e+00 +8.5589e-01 +8.3098e-01 -5.1280e-01 +2.6744e-01 +1.4652e+00 -1.6561e+00 +1.2622e-01 +1.4928e+00 +6.5004e-01 +6.2662e-01 -2.0182e-01 -6.5154e-01
% f evaluations | g evaluations | best noise-free fitness - Fopt (-1.000000000000e+03) + sum g_i+ | measured fitness | best measured fitness or single-digit g-values | x1 | x2...
1 0 +5.917923145e+02 -4.082076855e+02 -4.082076855e+02 +2.3498e+00 +6.7328e-01 +2.5205e+00 +9.7028e-01 -2.9243e+00 -4.1433e+00 +2.0401e+00 -1.4213e+00 -6.4360e-01 +2.9535e-01 +1.6447e+00 -4.6185e+00 +8.5128e-01 -2.7332e+00 +1.4984e-01 -2.1368e+00 -1.0086e+00 +2.0726e-01 +2.9658e+00 -2.5363e+00
2 0 +4.632194657e+02 -5.367805343e+02 -5.367805343e+02 +1.8875e-01 -6.0572e-01 +1.3589e+00 +3.9846e-01 -1.7303e+00 +1.4470e+00 +4.6800e-01 -1.3256e-01 -1.0177e+00 -8.5636e-01 -8.1483e-01 +3.3764e+00 -1.6103e+00 +2.7027e+00 -1.9082e+00 +1.6854e-01 +1.5068e+00 -1.9781e+00 -1.7360e-01 +2.7610e+00
8 0 +3.719261396e+02 -6.280738604e+02 -6.280738604e+02 +1.1976e+00 -4.1385e+00 +1.5442e+00 -1.6990e+00 -3.2598e+00 +2.8344e+00 +8.3563e-01 -1.8563e+00 -1.6129e+00 +3.6157e-01 -2.3782e+00 -9.3667e-01 +5.8420e-01 +2.0386e+00 +6.9721e-01 -2.2364e+00 -1.4241e+00 +2.3359e-01 +2.2286e+00 -1.6457e+00
204 0 +3.197464816e+02 -6.802535184e+02 -6.802535184e+02 +5.7326e-01 -5.1366e-01 +4.8873e-01 +2.4532e-01 -2.4755e+00 -2.1607e+00 +5.4983e-01 -1.0209e+00 -4.2255e-01 +1.1057e+00 +1.2563e+00 -1.2269e+00 -1.4907e-01 -1.2184e+00 +5.1324e-01 -3.5062e-01 -8.3734e-01 +8.2139e-02 +7.2255e-01 -1.6799e+00
562 0 +3.068067792e+02 -6.931932208e+02 -6.931932208e+02 +2.3508e-01 -2.2039e-01 -4.1167e-01 -1.6948e+00 -1.1506e+00 -2.0768e+00 -4.6113e-01 -2.1622e+00 -1.6959e-01 +3.9539e-01 +1.1870e+00 -7.8995e-01 -7.7185e-01 +6.8285e-01 -1.7642e-01 -1.2888e+00 -1.5627e+00 +4.6745e-01 -5.0063e-01 +3.5217e-01
% f evaluations | g evaluations | best noise-free fitness - Fopt (4.303000000000e+01) + sum g_i+ | measured fitness | best measured fitness or single-digit g-values | x1 | x2...
1 0 +5.757122710e+02 +6.187422710e+02 +6.187422710e+02 -3.5544e+00 +8.8672e-01 +3.9518e+00 -2.3247e+00 +4.7223e+00 -3.1450e+00 +7.7552e-01 -1.1852e+00 -7.9702e-01 +3.3216e-01 +4.2615e-02 +1.5737e+00 -7.5490e-02 +3.2484e+00 +2.4085e+00 +2.6722e+00 +4.4777e-01 +3.6321e+00 +1.7616e+00 +1.5195e+00
4 0 +5.367883340e+02 +5.798183340e+02 +5.798183340e+02 +1.3542e+00 +1.5667e+00 -9.8766e-01 +2.1543e+00 -2.9960e+00 -6.0470e-01 +1.3878e+00 -1.6425e+00 -1.3520e+00 -1.3396e+00 -9.3866e-01 -1.9745e+00 -1.0160e+00 +1.7599e+00 -1.7720e+00 +2.1311e+00 +1.5657e-01 -2.0641e+00 +1.4303e+00 +2.6738e+00
5 0 +4.915701443e+02 +5.346001443e+02 +5.346001443e+02 +1.3320e+00 +1.6601e+00 -1.6247e+00 +1.8973e+00 -3.7829e+00 -7.6621e-04 +4.7327e-02 -1.1550e+00 -2.8305e+00 -2.5719e+00 -4.2746e-01 +1.6905e-01 +6.5146e-01 -2.6268e-01 -1.3050e+00 +2.4460e+00 +1.0306e+00 -2.5048e+00 +1.3809e+00 +9.4951e-01
54 0 +3.850370240e+02 +4.280670240e+02 +4.280670240e+02 +3.8330e-01 +1.4721e+00 -1.0910e+00 +1.3469e-01 -2.3226e+00 -1.0357e+00 +2.1873e+00 -1.5774e+00 +6.8616e-01 +6.4206e-01 +1.5422e-01 -1.7105e+00 +6.0868e-01 +1.3634e+00 -1.4528e+00 +2.2367e-01 -1.3102e+00 -1.8890e+00 +2.1805e+00 +3.0906e+00
106 0 +3.699725484e+02 +4.130025484e+02 +4.130025484e+02 +6.3496e-01 +6.3698e-01 -1.7300e+00 +1.0259e+00 -1.3245e+00 -1.3902e+00 +1.5547e+00 -1.7442e-02 +8.9957e-01 -7.1526e-02 -6.7718e-01 -1.2541e+00 +3.8960e-02 +1.4566e+00 -1.5316e+00 -5.0159e-01 +2.9004e-01 -8.9647e-01 +5.0416e-01 +1.5412e+00
309 0 +3.434116401e+02 +3.864416401e+02 +3.864416401e+02 -5.0528e-01 +9.6074e-01 -1.9035e+00 +1.3199e+00 +1.6539e+00 +1.4305e-02 +6.7592e-01 +2.5517e-01 +5.1229e-02 -6.7519e-01 -7.3126e-01 -6.5510e-01 -4.3519e-01 +2.9163e-01 -9.1611e-01 -1.0271e+00 +1.8748e-01 +3.1471e-01 +4.2142e-01 +1.3244e+00
358 0 +3.250110060e+02 +3.680410060e+02 +3.680410060e+02 -8.4052e-01 +9.5260e-01 -1.2597e+00 +9.1920e-01 +1.9912e+00 -3.3304e-01 +6.8687e-01 +9.6809e-02 -4.2030e-02 -5.6444e-01 -6.4618e-01 -4.1006e-01 -3.9565e-01 +6.1671e-01 -5.5058e-01 -6.2035e-01 +2.1609e-01 +6.7943e-01 +5.6876e-01 +1.3458e+00
656 0 +3.170249881e+02 +3.600549881e+02 +3.600549881e+02 -2.4230e+00 +9.7222e-01 +1.3452e+00 -8.6892e-01 +3.4486e+00 -1.8660e+00 +6.4650e-01 -1.4658e-01 -3.1687e-01 -3.9759e-01 -1.9636e-02 +1.9548e-01 -5.8952e-01 +7.7987e-01 +7.2810e-01 +4.9967e-01 -5.8525e-04 +1.7206e+00 +6.7400e-01 +1.3165e+00
