% f evaluations | g evaluations | best noise-free fitness - Fopt (7.135000000000e+01) + sum g_i+ | measured fitness | best measured fitness or single-digit g-values | x1 | x2...
1 0 +9.315595605e+01 +1.645059560e+02 +1.645059560e+02 +1.2467e-02 +1.5189e+00 +3.9736e-01 +1.1137e+00 -2.8296e-01 -6.6045e-01 +3.3430e+00 +1.5549e+00 -3.9279e+00 +1.8445e+00 +3.2524e+00 -2.6031e-02 +1.0312e+00 +1.2971e+00 -7.5824e-01 -2.7474e-01 -7.0708e-02 -1.7143e+00 -3.9389e+00 -9.4385e-01
2 0 +8.013905956e+01 +1.514890596e+02 +1.514890596e+02 +4.1548e-01 +1.6208e+00 +3.3394e-01 +1.0337e+00 -6.0282e-02 -1.1956e+00 +3.0605e+00 +1.2947e+00 -3.9366e+00 +1.1852e+00 +2.0146e+00 -3.3578e-02 +1.0499e-01 +1.3215e+00 -8.0481e-01 -3.6737e-01 -3.0422e-01 -1.2139e+00 -2.7190e+00 -2.3750e-01
3 0 +5.096490348e+01 +1.223149035e+02 +1.223149035e+02 +2.2331e+00 +2.0802e+00 +4.7890e-02 +6.7274e-01 +9.4403e-01 -3.6091e+00 +1.7866e+00 +1.2107e-01 -3.9758e+00 -1.7885e+00 -3.5679e+00 -6.7618e-02 -4.0724e+00 +1.4311e+00 -1.0148e+00 -7.8511e-01 -1.3574e+00 +1.0431e+00 +2.7826e+00 +2.9482e+00
9 0 +4.701508888e+01 +1.183650889e+02 +1.183650889e+02 +2.2240e+00 +2.9250e+00 -2.2529e+00 +1.5079e+00 +8.3016e-01 +2.8233e+00 -2.9178e+00 +3.5253e+00 +2.4264e+00 +2.1823e+00 -1.0765e+00 -1.3161e+00 -6.1378e-01 -3.6098e+00 +1.6015e+00 +1.6885e+00 +1.1751e+00 +1.9682e+00 -2.1868e+00 -5.5424e-02
55 0 +4.673175187e+01 +1.180817519e+02 +1.180817519e+02 -2.8686e+00 -8.7832e-01 -9.1319e-01 -2.7540e+00 +4.7208e-01 +4.1363e+00 +1.2641e+00 -3.5880e+00 -2.4255e-01 -1.1408e+00 -3.6481e+00 -1.3527e+00 +2.5861e+00 +7.7507e-01 -2.5942e+00 -1.0430e+00 +7.6369e-01 -2.7864e+00 -1.0320e+00 -2.0615e+00
114 0 +4.250155644e+01 +1.138515564e+02 +1.138515564e+02 -5.8644e-01 +9.8021e-01 +3.0908e+00 -4.7713e+00 -9.6184e-01 -4.5912e+00 -2.9730e+00 -2.6083e+00 +1.9924e+00 +4.2404e+00 -1.5756e+00 +3.3589e+00 -1.0128e-01 -1.0730e+00 -1.9844e+00 -4.3709e+00 -3.3958e+00 -1.0872e+00 -1.2201e+00 -7.2990e-01
355 0 +4.092882356e+01 +1.122788236e+02 +1.122788236e+02 +4.3826e-01 +1.5854e+00 +1.6520e+00 +7.4530e-01 -2.2704e-01 -1.1825e+00 +1.3701e+00 -1.5852e+00 -1.2740e+00 +2.0394e+00 +2.4255e+00 -2.0592e+00 -6.3443e-01 +8.7110e-01 +3.2667e-02 +1.3863e-01 -5.5862e-01 +1.3227e+00 -7.9565e-01 -1.9198e+00
610 0 +3.031656406e+01 +1.016665641e+02 +1.016665641e+02 -3.4235e+00 +4.2092e+00 -2.9280e+00 -5.1613e-01 -3.6668e+00 +3.8059e+00 +2.4765e-01 +1.5422e+00 -2.0746e+00 +2.9315e+00 +3.2426e+00 +8.1157e-01 -7.1442e-01 +3.8032e+00 -3.6520e-02 +3.6459e+00 +3.5559e+00 -3.8175e+00 -4.0410e-01 +3.5808e-01
% f evaluations | g evaluations | best noise-free fitness - Fopt (-3.552200000000e+02) + sum g_i+ | measured fitness | best measured fitness or single-digit g-values | x1 | x2...
1 0 +7.687793092e+01 -2.783420691e+02 -2.783420691e+02 -6.5217e-01 -2.4472e+00 +4.3685e+00 -1.3833e-01 -1.0627e+00 +3.2098e+00 -1.8607e+00 -6.2789e-01 -1.7569e+00 -2.7452e+00 -2.5698e+00 -1.1453e+00 -1.2595e+00 -2.1386e+00 -1.5257e+00 +1.6489e-02 +2.3555e+00 +3.1896e+00 -6.1412e-01 +2.3841e+00
5 0 +5.310442117e+01 -3.021155788e+02 -3.021155788e+02 -3.0737e+00 -1.6281e+00 +2.1046e-01 -3.8664e+00 -3.7618e+00 -1.0166e+00 -1.9003e+00 +2.5645e+00 -8.9428e-01 +1.7078e-01 +2.6267e+00 -3.0780e+00 -2.1870e-01 -1.8370e-01 +7.4638e-01 +1.1843e+00 -1.8564e+00 +1.5749e+00 -8.8970e-01 +4.2561e+00
12 0 +4.491035770e+01 -3.103096423e+02 -3.103096423e+02 -4.6754e+00 -5.1431e-01 +8.4774e-01 -1.9008e-01 -4.5933e+00 -1.2938e+00 +9.6215e-02 -3.1434e+00 +3.2190e+00 -4.5793e-01 +3.7010e+00 +3.4416e+00 -4.1817e+00 -1.7366e+00 +4.3105e+00 +4.7624e+00 +1.2824e+00 +2.7263e+00 +4.1066e+00 -2.7564e+00
102 0 +3.578545826e+01 -3.194345417e+02 -3.194345417e+02 +3.0084e+00 -1.5779e+00 -8.2485e-01 +1.5692e+00 -1.7880e-01 -1.9693e+00 +1.2962e+00 -3.3768e+00 +2.7603e+00 +4.5432e+00 -1.0890e+00 +1.2136e+00 -3.1761e+00 +2.4863e+00 -2.6431e-01 -1.4212e+00 -2.4233e+00 -2.9264e+00 -3.0078e+00 -4.1749e+00
% f evaluations | g evaluations | best noise-free fitness - Fopt (9.917000000000e+01) + sum g_i+ | measured fitness | best measured fitness or single-digit g-values | x1 | x2...
1 0 +7.245508549e+01 +1.716250855e+02 +1.716250855e+02 -1.1728e+00 -6.2925e-02 +8.3494e-01 -2.4870e+00 +2.9960e+00 -2.1875e+00 -8.1846e-01 +1.7383e-01 -3.2276e+00 +3.3973e+00 +4.5018e+00 +7.5486e-01 -3.0431e+00 -4.9007e+00 +1.6384e+00 -2.0840e+00 -1.5142e+00 -1.6575e+00 -1.1644e-01 -4.9261e-01
2 0 +7.080161135e+01 +1.699716114e+02 +1.699716114e+02 +2.9136e+00 -1.1764e+00 +1.9118e+00 +2.4725e+00 +1.1569e+00 +3.9731e+00 -2.5158e+00 -3.9121e+00 +3.5478e-01 +3.9385e-01 -8.4693e-01 -2.3783e+00 +3.5689e+00 -4.6402e+00 +7.8208e-01 -1.3110e+00 -1.3560e+00 +1.9657e-01 +3.0809e+00 +1.6779e+00
5 0 +6.826469994e+01 +1.674346999e+02 +1.674346999e+02 +3.0135e+00 -4.4473e+00 -4.8891e+00 -9.7717e-01 +3.1928e+00 -2.6608e+00 -1.6773e+00 +4.7560e+00 +2.0136e+00 +2.9695e+00 -4.4717e-01 +2.9623e-01 +4.2081e+00 -2.9775e+00 -2.7942e-01 +1.2870e+00 -9.6794e-01 -1.4292e+00 -1.9368e+00 -3.1651e+00
6 0 +5.557162917e+01 +1.547416292e+02 +1.547416292e+02 +1.5565e-01 -1.6224e+00 +2.2258e+00 -2.4355e+00 +4.1278e+00 -1.5101e+00 +2.2467e+00 +3.0989e+00 +7.2480e-02 +1.6754e+00 +4.3523e-01 +2.8606e+00 -5.9553e-01 -1.5696e+00 -2.2042e+00 -1.8171e+00 +1.5535e+00 -1.1566e+00 +4.1041e-01 +3.7827e+00
29 0 +5.107194994e+01 +1.502419499e+02 +1.502419499e+02 +2.6628e+00 -3.9348e+00 -3.1972e+00 +7.5863e-01 -1.7386e+00 -3.2563e+00 -3.3107e+00 +2.6621e+00 -3.6538e+00 +3.7722e+00 +2.7185e+00 +4.3073e+00 -1.3232e+00 +8.3838e-01 +3.0801e+00 +9.2869e-01 -1.5982e+00 +4.0175e+00 +4.3047e+00 -7.1585e-02
35 0 +4.487030494e+01 +1.440403049e+02 +1.440403049e+02 -3.2261e-01 -1.1281e+00 +3.3796e+00 -2.6494e+00 +4.1809e+00 -1.2744e+00 +2.9020e+00 +2.8001e+00 -2.1504e-01 +1.4219e+00 +5.5027e-01 +3.2623e+00 -1.4758e+00 -1.3499e+00 -2.4720e+00 -2.3341e+00 +1.9322e+00 -1.1213e+00 +8.1831e-01 +4.9775e+00
106 0 +4.014788234e+01 +1.393178823e+02 +1.393178823e+02 +3.5594e+00 -1.2193e+00 -2.5976e+00 -9.9563e-02 +1.0875e+00 +3.4312e+00 -3.3424e-01 +2.2147e+00 +4.1389e+00 -3.6683e+00 +2.6857e+00 -3.1384e+00 +2.8519e+00 +2.9335e+00 -6.9658e-01 -2.9526e+00 -4.5452e+00 -3.5768e+00 -4.3325e+00 +2.7948e+00
202 0 +3.932831222e+01 +1.384983122e+02 +1.384983122e+02 -1.5978e-01 -1.8313e+00 +1.5265e+00 -1.8045e+00 +3.3155e+00 -3.5441e-01 +1.1820e+00 +2.1954e+00 -1.3171e-01 +1.2433e+00 -5.9994e-01 +2.4774e+00 -1.1617e+00 -1.6831e+00 -1.8381e+00 -5.8264e-01 +1.4281e+00 -1.5753e+00 +2.3939e-01 +2.6655e+00
653 0 +3.580818296e+01 +1.349781830e+02 +1.349781830e+02 +5.6727e-01 +9.6030e-01 +2.3538e-01 -1.0381e+00 +6.3966e-01 -1.8682e+00 -5.1719e-01 -1.7577e+00 -2.2983e+00 +3.0965e+00 +1.0402e+00 +1.7602e+00 -3.7066e+00 -4.4636e+00 +6.7733e-01 -1.4185e+00 -1.3065e+00 -2.5591e+00 -6.1552e-01 +1.1077e+00
% f evaluations | g evaluations | best noise-free fitness - Fopt (-5.179100000000e+02) + sum g_i+ | measured fitness | best measured fitness or single-digit g-values | x1 | x2...
1 0 +9.032367553e+01 -4.275863245e+02 -4.275863245e+02 -3.1565e+00 +4.3825e+00 -4.4744e+00 -4.1159e+00 -1.5025e+00 -1.9706e+00 +1.7939e+00 +1.3971e+00 +1.1606e+00 +8.0324e-01 +4.1338e+00 +4.2863e-01 +6.9482e-01 -2.7512e+00 -3.4033e+00 +1.1212e+00 -1.3669e+00 -2.7328e+00 +2.9901e-01 -3.2858e+00
4 0 +6.954128306e+01 -4.483687169e+02 -4.483687169e+02 +3.9847e+00 -1.3336e+00 +2.1900e+00 -9.9719e-01 +4.1237e+00 +8.9181e-01 +5.5144e-01 +4.0948e+00 -1.0005e-01 +1.9884e+00 -3.2522e+00 +3.0005e-01 -5.0565e-01 -2.0282e-01 +1.3726e+00 -4.2167e+00 -1.6585e+00 +3.7870e-01 +2.2169e+00 -3.1870e+00
5 0 +6.825420886e+01 -4.496557911e+02 -4.496557911e+02 -6.3900e-01 +7.0851e-01 -3.5235e+00 -2.9825e+00 -2.3404e+00 +3.2906e+00 +8.0175e-01 +4.3888e+00 +2.8461e+00 +1.9548e+00 -1.6568e+00 +2.8639e+00 -2.5418e+00 -2.9900e+00 -8.0145e-01 +3.0190e+00 +5.6350e-01 +3.1955e+00 +3.5145e+00 -2.4230e+00
8 0 +6.255473136e+01 -4.553552686e+02 -4.553552686e+02 +1.7152e-01 -4.0928e+00 -3.7721e+00 -2.5795e+00 +7.2481e-01 -4.6293e+00 +3.8018e+00 -4.1205e-01 -1.0097e+00 -1.8665e+00 +6.9059e-01 -2.6500e+00 +3.5007e+00 +6.5568e-01 +2.4806e-01 -1.3367e+00 +1.2603e+00 -1.3391e+00 +1.2452e+00 +3.7214e+00
17 0 +5.556071991e+01 -4.623492801e+02 -4.623492801e+02 -4.6964e+00 -3.9416e+00 -2.8174e+00 +4.7661e+00 +4.8623e+00 -5.1523e-01 +2.4360e+00 +6.3659e-01 -4.9374e+00 -3.5859e+00 -3.1927e+00 +7.9543e-01 -8.5367e-01 +2.0220e+00 -2.7675e-02 -4.6882e+00 +3.5265e+00 +4.9361e+00 +4.6934e+00 +2.7789e+00
18 0 +4.834878254e+01 -4.695612175e+02 -4.695612175e+02 -4.2095e+00 -1.4972e+00 +2.8218e+00 -1.4131e+00 -2.4670e+00 -1.2245e-01 -3.7821e+00 +1.1268e+00 -1.6653e-01 +4.7612e+00 -9.5250e-01 -4.3377e-01 +1.4525e+00 +4.8176e+00 +2.1265e+00 +1.5561e+00 +1.8208e+00 -4.3404e+00 +4.5255e+00 +3.8637e+00
110 0 +4.524067592e+01 -4.726693241e+02 -4.726693241e+02 -2.5042e+00 -4.3412e+00 -2.0647e+00 -4.4310e+00 -3.3916e+00 -7.9851e-01 +1.1200e+00 -4.7240e+00 -2.9141e+00 -2.8051e+00 +2.1221e+00 +4.1465e+00 -4.5395e+00 +2.1017e+00 -4.4424e+00 +1.7196e+00 +2.0987e-01 -3.3372e+00 -1.4302e+00 +1.3264e+00
159 0 +3.995785896e+01 -4.779521410e+02 -4.779521410e+02 -4.2173e+00 -3.7445e+00 -2.4134e+00 +4.3504e+00 +4.2200e+00 -6.1006e-01 +2.4018e+00 +4.0846e-01 -4.3161e+00 -3.1926e+00 -3.0979e+00 +6.7294e-01 -6.8683e-01 +1.5812e+00 -1.5631e-02 -4.5094e+00 +3.1283e+00 +4.3240e+00 +4.3404e+00 +2.4464e+00
307 0 +3.481063941e+01 -4.830993606e+02 -4.830993606e+02 -2.5427e+00 +2.0683e+00 -2.1421e+00 -3.4503e+00 -1.6811e+00 -3.6951e-01 +1.4431e+00 +1.7863e-01 +1.0896e+00 -9.1826e-01 +1.7837e+00 +5.9206e-01 -7.9713e-01 -5.8795e-01 -2.7298e+00 +1.1744e+00 -2.2628e+00 -2.2369e+00 +6.8188e-01 -2.6959e+00
1009 0 +3.095537251e+01 -4.869546275e+02 -4.869546275e+02 -2.3839e+00 +3.9188e+00 -3.2416e+00 -3.5085e+00 -1.0909e+00 -1.6303e+00 +1.4564e+00 +1.1778e+00 +9.2689e-01 +8.4129e-01 +3.7071e+00 +9.6363e-01 +2.8653e-01 -1.7238e+00 -2.7023e+00 +5.8181e-01 -5.0858e-01 -2.1887e+00 +2.1598e-01 -2.6303e+00
% f evaluations | g evaluations | best noise-free fitness - Fopt (-5.721000000000e+01) + sum g_i+ | measured fitness | best measured fitness or single-digit g-values | x1 | x2...
1 0 +9.449914687e+01 +3.728914687e+01 +3.728914687e+01 -2.7754e+00 -1.1695e+00 -4.7378e+00 +1.9925e+00 -2.6558e+00 -4.3397e+00 +2.9776e+00 +2.7935e+00 +3.8257e+00 +1.2376e+00 +4.6255e+00 -4.4390e-01 +1.2125e+00 +1.2581e+00 +1.0673e+00 -1.8788e+00 +3.0695e+00 -1.6528e+00 +1.5113e+00 -2.3843e+00
2 0 +8.569042161e+01 +2.848042161e+01 +2.848042161e+01 +1.5976e-01 +1.2127e+00 -1.3729e+00 +2.5612e+00 -1.6412e+00 -3.8823e-01 +1.2492e+00 -1.7688e+00 -1.1337e-01 +1.5840e+00 +1.0518e+00 -1.0350e+00 -1.3893e+00 +4.2583e+00 -3.0034e-01 -1.5358e-01 +7.1027e-01 -2.4102e+00 +2.1131e+00 -1.6858e+00
4 0 +7.759350908e+01 +2.038350908e+01 +2.038350908e+01 -9.5504e-01 -3.8505e+00 +2.3360e+00 +3.0660e+00 -2.6786e+00 -2.3961e+00 +4.9880e-01 -8.2112e-01 -3.3169e+00 -2.6484e+00 +2.3736e+00 +2.7258e+00 +1.3162e+00 -2.7363e+00 -4.5402e-01 +2.4668e+00 -1.8801e+00 -3.5205e+00 -3.9059e+00 +9.6930e-02
6 0 +7.475779188e+01 +1.754779188e+01 +1.754779188e+01 +1.3063e+00 -2.6319e+00 +9.6554e-02 +2.9140e+00 -1.6721e-01 -2.3269e+00 -1.9463e+00 -2.0314e+00 -4.5895e+00 +2.6251e+00 -2.1577e+00 +3.0818e+00 +2.8134e+00 +4.8056e+00 -4.3909e+00 +1.6317e+00 -1.2454e+00 -2.4351e-01 -1.3003e-01 -7.1586e-01
7 0 +7.140418978e+01 +1.419418978e+01 +1.419418978e+01 -4.2422e+00 +9.6968e-01 -1.6897e+00 -3.5936e+00 +1.1310e+00 -1.6789e+00 -7.6061e-01 -2.7600e+00 -1.4100e+00 +2.0006e+00 -2.1533e+00 -2.5954e-01 +3.7686e+00 -9.5018e-02 -4.7447e+00 -7.8930e-01 -2.6410e+00 +4.1794e+00 -2.6915e+00 +1.2319e+00
18 0 +6.285078985e+01 +5.640789850e+00 +5.640789850e+00 +3.6644e+00 -2.7677e-01 -1.7274e+00 +2.2493e+00 +2.5020e+00 -1.4959e+00 -4.1025e+00 -2.5229e+00 -3.3226e+00 +2.8162e+00 -1.4316e+00 -4.2282e+00 +2.9336e+00 +7.1733e-01 +1.6259e+00 -3.5990e+00 -1.8143e+00 -2.9688e+00 -2.6616e+00 +2.7177e+00
19 0 +5.650501692e+01 -7.049830760e-01 -7.049830760e-01 -3.5202e+00 -2.7058e+00 -3.6634e+00 -2.8004e+00 +4.4574e+00 +1.9455e+00 -1.8133e+00 +8.5538e-01 -6.3774e-02 -4.5469e+00 -3.2595e+00 +1.2977e+00 -9.7502e-01 -7.6698e-01 +3.1965e-01 +3.7710e+00 -3.3851e-01 -3.1187e+00 -1.5277e+00 -3.7001e+00
23 0 +5.292234313e+01 -4.287656870e+00 -4.287656870e+00 +8.2326e-01 +4.3179e+00 +9.1414e-01 +4.0093e+00 +3.1395e+00 -3.4149e+00 -2.8474e+00 +5.1774e-01 -1.2641e+00 +2.5363e+00 +9.9713e-01 +3.1862e+00 +2.9368e+00 +3.2491e+00 -3.6563e+00 +4.8567e+00 -6.5493e-01 +3.3835e+00 -2.5855e+00 -1.2378e+00
43 0 +3.941102206e+01 -1.779897794e+01 -1.779897794e+01 +1.0378e+00 +5.4917e-01 -4.7427e+00 -2.2772e+00 -2.9930e+00 +1.5369e+00 -9.6091e-01 -3.2797e+00 +1.3529e+00 -5.5905e-02 +3.4085e+00 +2.0697e+00 +4.0135e+00 +8.6476e-01 +2.2004e+00 -2.7210e+00 +3.9750e+00 -4.2504e+00 +4.9486e+00 -2.7961e+00
102 0 +3.320071379e+01 -2.400928621e+01 -2.400928621e+01 +1.3873e+00 -1.0471e+00 +7.6139e-01 +2.1322e+00 -1.7039e-01 -1.3971e+00 +3.8960e-01 -1.3861e+00 -8.6326e-01 +6.6575e-01 +7.3840e-01 +1.7243e+00 +1.3871e+00 +1.5560e+00 -2.5761e+00 +1.2987e+00 -1.1535e+00 -1.8542e+00 +9.8639e-01 +5.8696e-01
260 0 +3.296048088e+01 -2.424951912e+01 -2.424951912e+01 -2.8630e+00 +2.5543e-01 -1.9151e+00 +5.2898e-02 -2.9778e-01 -1.6315e+00 +9.5974e-01 +2.5287e-02 +6.0884e-01 +2.3601e+00 +3.0176e+00 -1.2052e+00 +6.7449e-01 +5.9728e-01 +1.2676e+00 -6.2450e-01 +2.3150e+00 -1.2215e+00 +1.9540e+00 -1.9761e+00
% f evaluations | g evaluations | best noise-free fitness - Fopt (6.626000000000e+01) + sum g_i+ | measured fitness | best measured fitness or single-digit g-values | x1 | x2...
1 0 +9.814837644e+01 +1.644083764e+02 +1.644083764e+02 +1.1775e+00 -4.5733e-01 -1.0802e+00 +3.2744e+00 +4.1430e+00 +3.0125e+00 +1.6798e+00 +1.3007e+00 -2.2143e+00 -1.5661e+00 +4.1164e+00 -5.7338e-02 -2.1324e-01 +4.0231e-01 +2.2577e+00 +1.2318e+00 -1.1245e-01 -3.4384e+00 -1.9451e+00 -1.3363e+00
2 0 +7.695880420e+01 +1.432188042e+02 +1.432188042e+02 -8.5534e-01 -3.4829e+00 +1.7943e+00 -3.4206e+00 +1.2145e+00 +1.7685e+00 +3.8302e+00 +3.2885e+00 -2.8742e+00 -4.2581e-01 -4.4822e-01 -1.5247e+00 +1.7010e+00 -2.6271e+00 -2.2459e+00 +1.2252e+00 +1.4600e+00 -1.0173e+00 -2.9998e+00 +1.2680e+00
4 0 +7.126487965e+01 +1.375248796e+02 +1.375248796e+02 +8.9137e-01 -5.2099e-01 +4.1561e+00 +1.5500e+00 +4.3206e+00 -2.9462e+00 +3.3720e+00 -3.7778e-02 -7.5614e-01 -2.8936e+00 -1.5804e-02 +1.5393e+00 +3.6173e+00 -4.2054e+00 -2.2699e+00 +3.9897e+00 -4.6391e-01 +2.5812e+00 -1.7802e+00 +1.0685e+00
6 0 +4.283965410e+01 +1.090996541e+02 +1.090996541e+02 +7.0659e-02 -1.6133e+00 +3.7040e+00 -1.5937e+00 +2.2897e+00 +2.9930e-01 +3.2278e+00 +1.8718e+00 -1.5522e+00 +9.7273e-01 -1.1697e+00 -3.0661e+00 +1.9328e-02 -3.7906e+00 -2.1439e-01 +2.1101e+00 +5.7660e-01 -1.2566e+00 -4.1854e+00 +1.3582e+00
19 0 +3.934470561e+01 +1.056047056e+02 +1.056047056e+02 -3.6459e+00 -3.3243e+00 +1.9412e+00 -1.3630e+00 -2.8896e+00 -3.6146e+00 +8.0548e-01 +5.7175e-01 -3.8221e+00 -4.0728e+00 +3.0259e+00 +3.9708e+00 -4.7621e-01 +7.5188e-01 +1.3390e+00 +3.5008e+00 -5.6026e-01 +3.6456e+00 +1.9467e+00 +1.0106e+00
356 0 +3.754125745e+01 +1.038012574e+02 +1.038012574e+02 -9.2886e-01 -1.6998e+00 -5.6772e-01 -2.5231e-01 +5.5678e-01 -4.5138e-01 +2.9623e+00 -3.2062e-01 -2.8767e+00 +1.8156e-01 -7.4928e-01 -1.0994e+00 +9.2580e-01 +6.6519e-01 +3.3140e-02 +5.2909e-01 +1.5243e+00 -1.3741e+00 -1.4329e+00 -5.8372e-01
862 0 +2.980062798e+01 +9.606062798e+01 +9.606062798e+01 -6.5427e-01 -6.7807e-01 -1.9923e+00 +1.7719e+00 +2.1783e+00 +8.4589e-01 +2.0728e+00 +3.3080e-02 -2.9567e+00 -4.4279e-02 +1.6943e+00 -1.3284e-01 +2.3498e-01 +1.7650e+00 +6.9990e-01 +7.4414e-01 +1.2313e+00 -3.2613e-01 -1.1139e+00 -1.9349e+00
% f evaluations | g evaluations | best noise-free fitness - Fopt (-1.386200000000e+02) + sum g_i+ | measured fitness | best measured fitness or single-digit g-values | x1 | x2...
1 0 +9.172064647e+01 -4.689935353e+01 -4.689935353e+01 +5.2489e-01 +6.0784e-02 -1.3996e+00 +8.6606e-01 -3.7501e+00 -2.6117e+00 -3.2662e+00 +3.8724e+00 -1.7186e+00 +1.4145e+00 +2.7685e+00 +2.3464e+00 -1.9894e+00 +7.0405e-01 +1.0194e+00 +3.1855e+00 +5.0489e-01 +2.4338e+00 -7.1113e-02 -2.2598e+00
3 0 +8.879853590e+01 -4.982146410e+01 -4.982146410e+01 +8.3053e-01 +2.0707e+00 +2.1836e+00 +1.2377e+00 -1.7065e+00 -7.4050e-01 -4.1422e+00 +1.5611e+00 -1.3711e+00 +1.0467e+00 +9.8570e-01 -5.5195e-01 -1.7472e-01 +1.9853e+00 +3.6743e-01 +1.3686e+00 +1.6166e+00 +3.1869e+00 +2.7930e+00 -4.7749e-01
6 0 +8.143539292e+01 -5.718460708e+01 -5.718460708e+01 +2.3671e-02 +8.6482e-01 -1.8664e+00 -6.7393e-01 +2.7361e+00 -3.6345e+00 -3.2090e-01 -7.3152e-01 -5.5217e-02 -4.5333e+00 +1.2656e+00 +1.9939e+00 +2.8697e+00 -2.0574e+00 -3.1070e-01 -3.3983e+00 -6.7753e-01 -1.0962e+00 -3.0653e-01 -8.6772e-01
7 0 +6.331447020e+01 -7.530552980e+01 -7.530552980e+01 -5.6127e-01 +4.7304e-01 -1.8818e+00 -3.7807e-01 +2.7307e+00 -3.6818e+00 -5.2823e-01 -5.5467e-01 +2.4313e-01 -4.4899e+00 +1.4973e+00 +1.8876e+00 +2.6055e+00 -2.4854e+00 -3.2224e-01 -3.3126e+00 -9.4930e-01 -1.1354e+00 -1.0240e-01 -6.7561e-01
19 0 +5.764962171e+01 -8.097037829e+01 -8.097037829e+01 +2.5155e+00 -5.1504e-01 +3.0799e+00 +3.5355e+00 -3.3076e+00 -2.8508e+00 -2.5560e+00 +2.6932e+00 -6.8412e-02 -4.2730e+00 +3.7240e+00 -2.0839e+00 +1.6121e+00 +1.0989e+00 -4.4001e+00 -3.5395e+00 +3.1579e+00 -3.7512e+00 -1.9682e+00 -2.2526e+00
24 0 +5.461740088e+01 -8.400259912e+01 -8.400259912e+01 +4.7297e+00 +2.4640e-01 +4.6776e+00 -2.0300e-01 +4.0606e+00 -4.5230e+00 -3.7645e+00 +7.7183e-01 +4.2881e+00 +3.4182e-01 +4.4042e+00 +4.8259e-01 -3.7812e+00 +1.3271e+00 +1.6879e+00 +7.9678e-02 +2.4102e+00 +1.0898e+00 -4.7124e+00 -3.3765e+00
26 0 +4.624986746e+01 -9.237013254e+01 -9.237013254e+01 +4.4912e+00 -3.3739e+00 -2.2754e-01 +4.0235e+00 -4.3777e+00 -1.3053e+00 -1.5341e+00 -1.1485e-01 -4.6152e+00 +7.4192e-01 -2.8268e+00 +1.6806e+00 +5.2581e-01 -3.1762e+00 +2.7088e+00 +2.9912e+00 +4.7288e+00 -4.2384e-01 -4.4258e+00 -2.5209e+00
54 0 +4.569481085e+01 -9.292518915e+01 -9.292518915e+01 -1.4739e+00 -6.8203e-01 +2.0460e-01 +2.0315e+00 +4.5416e-01 -2.2253e+00 +1.1533e+00 +5.3820e-01 +2.1632e-02 -1.0883e+00 +9.7079e-02 -1.1197e-01 -2.0719e+00 +1.9232e+00 +1.1830e+00 +3.2979e-02 +3.4109e+00 +3.0781e+00 +3.0928e+00 -1.8829e+00
164 0 +4.217197603e+01 -9.644802397e+01 -9.644802397e+01 +4.4912e+00 -3.3739e+00 -2.2754e-01 +4.0235e+00 -4.3777e+00 -1.3053e+00 -1.5341e+00 -1.1485e-01 -4.6152e+00 +7.4192e-01 -2.8268e+00 +1.6806e+00 +5.2581e-01 -2.6732e+00 +2.7088e+00 +2.9912e+00 +4.7288e+00 -4.2384e-01 -4.4258e+00 -2.5209e+00
207 0 +3.974219731e+01 -9.887780269e+01 -9.887780269e+01 +2.0384e+00 +4.3919e-01 -2.3323e-01 -2.1334e+00 +9.7103e-01 -1.1226e+00 -1.6620e+00 -2.1103e+00 -1.4888e-01 -1.3346e+00 -2.6088e+00 +6.9145e-01 -2.8020e+00 +1.8479e-01 -1.4621e+00 +1.2301e+00 +5.5571e-01 +6.4816e-01 +1.7109e+00 -1.2090e+00
% f evaluations | g evaluations | best noise-free fitness - Fopt (7.313900000000e+02) + sum g_i+ | measured fitness | best measured fitness or single-digit g-values | x1 | x2...
1 0 +3.490759529e+01 +7.662975953e+02 +7.662975953e+02 -1.0026e-01 -4.2831e-01 +5.5064e-01 -3.0228e+00 +3.6700e+00 +3.3167e+00 +1.2304e+00 -3.8271e+00 +3.0037e+00 -1.0060e+00 +5.2903e-01 -1.1045e+00 -1.1369e+00 -2.6034e+00 -1.8340e+00 -5.3573e-01 -3.0382e+00 +6.4287e-02 +7.6527e-02 -3.2782e+00
113 0 +3.478340832e+01 +7.661734083e+02 +7.661734083e+02 -1.0026e-01 -4.2831e-01 +5.5064e-01 -3.0228e+00 +3.6700e+00 +3.3167e+00 +1.2304e+00 -3.8271e+00 +3.0037e+00 -1.0060e+00 +5.2903e-01 -1.1045e+00 -1.1369e+00 -2.6034e+00 -1.8340e+00 -5.3573e-01 -3.0382e+00 +6.4287e-02 +6.9730e-02 -3.2782e+00
162 0 +2.363672380e+01 +7.550267238e+02 +7.550267238e+02 -1.0026e-01 -4.2831e-01 +5.5064e-01 -2.2545e+00 +3.6700e+00 +3.3167e+00 +1.2304e+00 -3.8271e+00 +3.0037e+00 -1.0060e+00 +5.2903e-01 -1.1045e+00 -1.1369e+00 -2.6034e+00 -1.8340e+00 -5.3573e-01 -3.0382e+00 +6.4287e-02 +7.6527e-02 -3.2782e+00
% f evaluations | g evaluations | best noise-free fitness - Fopt (7.526000000000e+01) + sum g_i+ | measured fitness | best measured fitness or single-digit g-values | x1 | x2...
1 0 +9.308519631e+01 +1.683451963e+02 +1.683451963e+02 -6.8131e-01 -1.3794e+00 -2.3492e+00 -3.3941e-01 -2.2403e+00 -8.2726e-01 -2.3435e-01 +3.1651e+00 -4.1940e-01 -1.9449e+00 -1.8685e+00 +2.6861e+00 +7.1332e-01 -3.2090e+00 -9.5179e-01 +1.2803e+00 +1.1580e+00 -2.1149e+00 -2.7476e+00 +2.1347e+00
2 0 +6.366272680e+01 +1.389227268e+02 +1.389227268e+02 -2.3752e+00 -1.7987e+00 -3.9192e-02 +5.3659e-01 -1.4873e+00 -2.2396e+00 -2.1077e+00 +3.5855e+00 -3.0269e+00 +1.8265e+00 -1.3956e+00 +1.2776e+00 -1.5963e+00 -1.9233e-01 +2.8282e+00 +1.8531e+00 -1.9730e+00 -6.2675e-02 -8.2482e-01 +1.6413e+00
7 0 +4.704971703e+01 +1.223097170e+02 +1.223097170e+02 -3.3610e+00 +1.6081e+00 -4.0871e+00 +2.0543e+00 -2.7784e+00 +2.8543e+00 -2.0594e+00 -3.5685e+00 +2.5573e+00 +2.2899e+00 +3.1967e-01 -6.8773e-01 +9.6587e-01 +1.9775e+00 -2.3563e+00 -1.1625e+00 +2.7740e+00 +3.3949e+00 +1.6271e+00 +1.0703e+00
22 0 +4.522359215e+01 +1.204835921e+02 +1.204835921e+02 +9.4876e-02 -2.8223e+00 +7.0251e-01 -2.2849e+00 -1.7888e+00 -4.1588e+00 +5.7302e-01 +1.3389e+00 -3.6206e+00 -4.2625e+00 -2.4139e+00 +1.9647e+00 +3.3610e+00 -2.8360e+00 -4.2500e+00 +4.8250e+00 -5.4908e-03 -1.9570e+00 -8.0825e-02 +4.5171e+00
61 0 +4.342793939e+01 +1.186879394e+02 +1.186879394e+02 -2.9542e+00 +1.6081e+00 -4.0871e+00 +2.0543e+00 -2.7784e+00 +2.8543e+00 -2.0594e+00 -3.5685e+00 +2.5573e+00 +2.2899e+00 +3.1967e-01 -6.8773e-01 +9.6587e-01 +1.9775e+00 -2.3563e+00 -1.1625e+00 +2.7740e+00 +3.3949e+00 +1.6271e+00 +1.0703e+00
161 0 +4.194175388e+01 +1.172017539e+02 +1.172017539e+02 -2.3752e+00 -1.7987e+00 -3.9192e-02 +5.3659e-01 -1.4873e+00 -2.2396e+00 -1.2795e+00 +3.5855e+00 -9.4687e-01 +1.8265e+00 -1.3956e+00 +1.2776e+00 -1.5963e+00 -1.9233e-01 +2.8282e+00 +1.8531e+00 -1.9730e+00 -6.2675e-02 -8.2482e-01 +1.6413e+00
606 0 +4.125028481e+01 +1.165102848e+02 +1.165102848e+02 -7.4421e-01 -5.2291e-01 -1.3065e-01 -1.0380e+00 -3.6654e-01 -1.7216e-01 +3.0968e-01 +2.4533e+00 -3.5263e-01 +1.7673e-01 +1.2733e-01 +1.6289e+00 +8.4822e-01 -9.7456e-01 -6.4544e-01 +5.0278e-01 +7.2801e-01 -1.8576e+00 +1.0107e-01 +7.3884e-02
652 0 +3.997216444e+01 +1.152321644e+02 +1.152321644e+02 -1.3602e+00 -6.4085e-01 -8.6206e-01 -2.8144e-01 -1.1118e+00 +3.4496e-01 +6.7137e-01 +2.0385e+00 -1.2043e+00 -9.5968e-01 +3.6956e-01 +7.3882e-01 +3.9676e-01 -8.2047e-01 -8.3341e-01 +9.7864e-01 +9.5499e-02 -2.5758e+00 -1.0921e-01 +5.4369e-01
659 0 +3.496015014e+01 +1.102201501e+02 +1.102201501e+02 -1.1256e+00 -8.0729e-01 -1.1947e+00 -3.7332e-01 -1.3610e+00 -2.2451e-02 +4.4457e-01 +2.4478e+00 -9.1419e-01 -1.0919e+00 -2.0954e-01 +1.3031e+00 +4.8418e-01 -1.4826e+00 -8.8090e-01 +1.0375e+00 +4.5968e-01 -2.3912e+00 -6.9773e-01 +8.5795e-01
704 0 +3.341517488e+01 +1.086751749e+02 +1.086751749e+02 -7.9265e-01 -5.0921e-01 -1.2753e-01 -9.9903e-01 -3.7359e-01 -1.1556e-01 +1.1059e-01 +2.4029e+00 -4.1555e-01 +1.4653e-01 +1.9850e-01 +1.5333e+00 +8.1750e-01 -9.0377e-01 -6.5161e-01 +5.1836e-01 +6.6860e-01 -1.9054e+00 +1.6043e-01 +5.5067e-02
1014 0 +2.873741373e+01 +1.039974137e+02 +1.039974137e+02 -8.8022e-01 -8.1770e-01 -1.0193e+00 -6.1131e-01 -1.1585e+00 -2.6175e-01 +2.4861e-01 +2.5771e+00 -5.8047e-01 -8.0478e-01 -4.3536e-01 +1.7320e+00 +6.8036e-01 -1.6478e+00 -7.8982e-01 +8.8935e-01 +6.9385e-01 -9.4422e-01 -4.7083e-01 +8.3770e-01
% f evaluations | g evaluations | best noise-free fitness - Fopt (-4.913000000000e+01) + sum g_i+ | measured fitness | best measured fitness or single-digit g-values | x1 | x2...
1 0 +4.792922152e+01 -1.200778479e+00 -1.200778479e+00 +1.9764e+00 -2.1970e+00 +3.0762e+00 -3.5160e+00 +3.0239e+00 +6.1998e-01 +1.9388e+00 -3.2480e-01 -4.2779e+00 -1.6637e+00 -1.5717e+00 -5.2235e-01 -8.3735e-01 -3.3709e+00 +2.7885e+00 -7.0900e-01 +1.9323e+00 +4.7978e-01 +6.4914e-01 -6.4398e-01
3 0 +4.316333338e+01 -5.966666624e+00 -5.966666624e+00 +3.7005e+00 +1.5757e+00 -4.6068e-01 -4.0654e+00 +2.4693e+00 +3.2881e+00 -3.3605e+00 +2.1466e+00 +1.8446e+00 +1.3703e+00 +4.2727e+00 +1.3386e+00 -2.1559e+00 +4.4276e+00 -9.4874e-01 +9.8447e-01 -5.6707e-01 -2.0186e+00 +4.2010e+00 -2.4030e+00
22 0 +4.194515631e+01 -7.184843693e+00 -7.184843693e+00 +3.7089e+00 +1.5941e+00 -4.7787e-01 -4.0681e+00 +2.4666e+00 +3.3010e+00 -3.3863e+00 +2.1586e+00 +1.8743e+00 +1.3850e+00 +4.3011e+00 +1.3477e+00 -2.1623e+00 +4.4655e+00 -9.6690e-01 +9.9270e-01 -5.7921e-01 -2.0307e+00 +4.2182e+00 -2.4116e+00
362 0 +3.946411867e+01 -9.665881331e+00 -9.665881331e+00 -9.7520e-01 -2.6214e+00 +6.2165e-01 +7.0923e-01 -3.3293e+00 -5.3195e-01 -4.5956e+00 -2.3261e-01 +2.8385e-02 +3.2805e+00 -3.3939e+00 -4.0790e+00 -2.9367e+00 +4.9416e+00 -3.3408e+00 -4.5439e+00 -1.3707e-02 +2.8121e+00 +1.0388e+00 +6.4386e-01
557 0 +3.448825443e+01 -1.464174557e+01 -1.464174557e+01 +1.2005e+00 -1.5948e+00 +2.2592e+00 -2.5134e+00 +6.4688e-01 +8.1916e-02 -1.8258e-01 -1.7608e-01 -2.5545e+00 -5.0558e-02 -1.3455e+00 -8.7281e-01 -1.4173e+00 -9.4162e-01 +9.4763e-01 -1.0415e+00 +1.5317e+00 +9.4977e-01 +5.5661e-01 +2.2246e-01
% f evaluations | g evaluations | best noise-free fitness - Fopt (-1.418900000000e+02) + sum g_i+ | measured fitness | best measured fitness or single-digit g-values | x1 | x2...
1 0 +7.418825736e+01 -6.770174264e+01 -6.770174264e+01 +2.2321e+00 -2.0943e+00 +6.3503e-01 +2.7340e+00 +1.0288e+00 -4.4873e+00 +1.2712e-01 -2.5862e+00 +3.0739e+00 -8.4397e-02 -9.1519e-01 -1.1036e+00 -4.9386e+00 -4.7035e+00 -2.2601e+00 +9.6103e-01 -1.5118e+00 +8.2783e-01 +1.0047e+00 -1.2329e+00
4 0 +7.003799182e+01 -7.185200818e+01 -7.185200818e+01 +1.7307e+00 +4.3391e-01 +8.3172e-01 +1.6840e+00 -4.5235e+00 -3.3349e-01 +2.7789e+00 -1.6199e+00 -2.8526e+00 +2.8090e+00 -1.1514e+00 +2.5272e+00 +1.8070e+00 -1.7100e+00 -2.3173e+00 +6.0042e-02 -1.0688e+00 +2.6317e+00 +5.6480e-02 +3.5663e+00
12 0 +5.456231966e+01 -8.732768034e+01 -8.732768034e+01 -3.2149e+00 +3.8922e+00 +3.3543e+00 +3.2653e-01 +8.9580e-01 +2.9385e+00 -9.8343e-01 +2.7144e+00 +3.9229e+00 +3.7900e+00 +3.2679e+00 +1.0344e+00 +1.8097e+00 +1.9175e+00 -7.6430e-01 +9.9025e-01 +1.3585e+00 +2.3987e+00 +5.2552e-01 +2.2941e+00
18 0 +3.441804828e+01 -1.074719517e+02 -1.074719517e+02 +9.7508e-01 +4.9573e+00 -4.3651e+00 +5.0000e-01 +1.6463e+00 +1.0605e+00 -3.6265e+00 +2.9039e+00 -1.8432e+00 -1.1746e+00 +1.4970e+00 -3.4891e+00 -4.1475e+00 -3.1906e-01 -3.3941e+00 -4.9882e+00 -2.0473e+00 -1.9109e+00 +3.0705e+00 -2.4777e-01
852 0 +3.229239271e+01 -1.095976073e+02 -1.095976073e+02 -1.8048e+00 -9.2666e-02 +1.7003e+00 +1.1962e+00 -3.0086e-01 +5.6824e-01 +1.0450e+00 +6.7353e-01 +6.2019e-01 -1.0100e+00 +2.1699e+00 -1.9038e+00 -6.0985e-01 -1.7501e+00 -2.3424e+00 -7.6352e-01 -8.4551e-01 +1.0276e-01 -1.3277e+00 -1.0097e-02
% f evaluations | g evaluations | best noise-free fitness - Fopt (1.095700000000e+02) + sum g_i+ | measured fitness | best measured fitness or single-digit g-values | x1 | x2...
1 0 +1.006006694e+02 +2.101706694e+02 +2.101706694e+02 +1.6222e+00 +3.5126e-01 +1.0193e+00 +2.6288e+00 -4.2222e+00 -5.2576e-01 +2.9099e+00 -6.8479e-01 -3.8188e+00 -3.7186e-01 +1.5825e+00 +4.3301e+00 +1.2134e+00 -5.9288e-02 -1.7998e+00 -1.2078e+00 +2.7659e+00 +2.1403e+00 -2.3988e+00 -1.1407e+00
2 0 +5.411138543e+01 +1.636813854e+02 +1.636813854e+02 -2.5234e+00 +3.8496e-01 -1.7189e+00 -1.4003e+00 -2.4999e+00 -1.7067e+00 +1.0540e+00 +5.5814e-01 +8.4447e-01 -3.5574e-01 -2.3722e+00 -2.3351e+00 +1.1375e-01 +1.8032e+00 -8.5835e-01 -2.2370e+00 -2.9193e-01 -1.0620e+00 +1.3694e+00 +3.9024e-01
18 0 +5.011692045e+01 +1.596869205e+02 +1.596869205e+02 -1.2311e+00 +2.9748e+00 -2.4640e+00 +1.3172e+00 -4.3600e+00 +7.5258e-01 -2.6863e+00 -1.6115e+00 +4.6504e-02 -4.3836e-01 +2.1027e+00 +3.7682e+00 -3.4864e+00 -4.7495e+00 +1.3580e+00 +3.7991e+00 +6.1283e-01 +4.3002e+00 +2.5100e+00 -4.5139e+00
28 0 +4.360070985e+01 +1.531707099e+02 +1.531707099e+02 +1.3695e+00 +2.9375e+00 +6.9800e-01 +3.2660e+00 -1.5494e+00 -2.2471e+00 +3.3572e+00 -1.2336e+00 +1.5716e+00 -3.4717e+00 +6.9478e-01 -4.3182e+00 +3.3565e+00 -2.2857e+00 -1.5049e+00 -3.1194e+00 +4.2266e+00 +2.9904e+00 +4.4139e+00 +3.9944e+00
1012 0 +2.497638523e+01 +1.345463852e+02 +1.345463852e+02 +2.2885e-01 -4.3379e-01 +9.9042e-03 +2.4627e+00 -6.9127e-01 +4.7770e-01 +2.8080e+00 +6.1669e-01 -2.7218e+00 +3.6975e-01 +2.3283e-01 +3.4040e+00 +1.3589e+00 -7.4883e-01 -8.9588e-01 -4.6165e-01 +3.2343e+00 +6.2289e-01 -1.4046e+00 -6.6266e-01
% f evaluations | g evaluations | best noise-free fitness - Fopt (7.836000000000e+01) + sum g_i+ | measured fitness | best measured fitness or single-digit g-values | x1 | x2...
1 0 +3.783503683e+01 +1.161950368e+02 +1.161950368e+02 -1.3021e+00 -4.1195e+00 -3.0748e+00 -1.0722e+00 -1.0404e+00 -2.3011e+00 -2.6120e+00 -3.2611e-01 +4.8890e+00 -1.3334e+00 +2.6138e-01 -3.7195e+00 +2.5736e+00 +1.6304e+00 -8.7061e-01 +3.5171e+00 -2.3492e+00 -6.9346e-01 +9.4877e-01 -5.7786e-01
10 0 +3.747746678e+01 +1.158374668e+02 +1.158374668e+02 -1.3021e+00 -4.1195e+00 -3.0748e+00 -1.0722e+00 -1.0404e+00 -2.3011e+00 -2.6120e+00 -2.5726e-01 +4.8890e+00 -1.3334e+00 +2.6138e-01 -3.7195e+00 +2.5736e+00 +1.6304e+00 -8.7061e-01 +3.5171e+00 -2.3492e+00 -6.9346e-01 +9.4877e-01 -5.7786e-01
555 0 +3.544981342e+01 +1.138098134e+02 +1.138098134e+02 -1.2919e+00 -4.1094e+00 -3.0689e+00 -1.0707e+00 -1.0351e+00 -2.2933e+00 -2.6066e+00 -3.2689e-01 +4.8781e+00 -1.3310e+00 +2.5741e-01 -3.7061e+00 +2.5607e+00 +1.6243e+00 -8.7024e-01 +3.5079e+00 -1.8648e+00 -6.8931e-01 +9.3829e-01 -5.7623e-01
753 0 +3.368372466e+01 +1.120437247e+02 +1.120437247e+02 -9.2130e-01 -3.8144e+00 -2.8472e+00 -1.0447e+00 -8.3290e-01 -2.0459e+00 -2.4192e+00 -3.6484e-01 +4.5164e+00 -1.2024e+00 +9.4489e-02 -2.8865e+00 +2.1031e+00 +1.3982e+00 -8.5946e-01 +3.1209e+00 -2.0463e+00 -4.8768e-01 +5.1499e-01 -5.2785e-01
1064 0 +3.210093433e+01 +1.104609343e+02 +1.104609343e+02 -1.3021e+00 -4.1195e+00 -3.0748e+00 -1.0722e+00 -1.0404e+00 -2.3011e+00 -2.6120e+00 -3.2611e-01 +4.8890e+00 -1.3334e+00 +2.6138e-01 -3.7195e+00 +2.5736e+00 +1.6071e+00 -5.2572e-01 +3.5171e+00 -2.3492e+00 -6.9346e-01 +9.4877e-01 -5.7786e-01
1312 0 +3.108810922e+01 +1.094481092e+02 +1.094481092e+02 -1.2043e+00 -4.0557e+00 -2.8445e+00 -1.0549e+00 -1.0133e+00 -1.9941e+00 -2.5528e+00 -3.6407e-01 +4.8164e+00 -1.2932e+00 +2.0893e-01 -3.6114e+00 +2.3202e+00 +1.5620e+00 -3.2331e-01 +3.3788e+00 -2.2434e+00 -5.9244e-01 +8.4415e-01 -1.4163e-01
1705 0 +2.947698738e+01 +1.078369874e+02 +1.078369874e+02 -1.2919e+00 -4.1128e+00 -3.0508e+00 -1.0704e+00 -1.0376e+00 -2.2691e+00 -2.6058e+00 -3.3006e-01 +4.8815e+00 -1.2824e+00 +2.5592e-01 -3.7083e+00 +2.5473e+00 +1.6203e+00 -7.9272e-01 +3.5027e+00 -2.0889e+00 -6.8295e-01 +9.3789e-01 -5.1218e-01
1810 0 +2.737209648e+01 +1.057320965e+02 +1.057320965e+02 -1.3021e+00 -4.1195e+00 -3.0748e+00 -1.0722e+00 -1.0404e+00 -2.3011e+00 -2.6120e+00 -3.2611e-01 +4.8890e+00 -1.3334e+00 +2.6138e-01 -3.7195e+00 +2.5736e+00 +1.6304e+00 -8.7061e-01 +3.5171e+00 -2.3492e+00 -6.9346e-01 +9.4877e-01 -1.6631e-01
% f evaluations | g evaluations | best noise-free fitness - Fopt (1.140900000000e+02) + sum g_i+ | measured fitness | best measured fitness or single-digit g-values | x1 | x2...
1 0 +6.368023939e+01 +1.777702394e+02 +1.777702394e+02 +1.2783e+00 +4.7289e+00 +1.0228e+00 +1.2997e-01 +2.2534e+00 +3.4693e+00 -2.9880e+00 -3.5707e+00 +9.8732e-01 -3.9950e-01 +7.6618e-01 +2.0402e+00 +6.7508e-01 +1.8540e+00 +4.1855e-02 +7.6164e-01 +1.1877e-01 +3.3847e-02 +6.5076e-01 -2.3166e-01
11 0 +5.575794570e+01 +1.698479457e+02 +1.698479457e+02 +3.2738e+00 +4.6030e+00 -3.5495e+00 -3.6833e+00 +3.0929e+00 -1.3489e+00 -3.3433e+00 +4.1381e+00 -9.8286e-01 +3.1680e+00 +4.4163e+00 -1.3586e+00 -1.5617e+00 +4.9557e-01 +4.4765e+00 +1.6270e+00 -3.7753e+00 +2.2125e+00 +3.8268e+00 +3.5921e+00
16 0 +4.138082912e+01 +1.554708291e+02 +1.554708291e+02 +1.3791e-01 +6.0604e-01 +2.1117e-01 +3.2483e+00 -1.0559e+00 -7.4746e-01 -2.0417e+00 +2.6577e+00 +1.9582e+00 +3.4691e+00 +2.0356e+00 +4.1169e+00 +3.8409e+00 +4.0877e+00 -1.7057e+00 +2.2717e+00 +3.6716e+00 -2.1562e+00 +3.1661e+00 +4.4755e+00
40 0 +3.314039818e+01 +1.472303982e+02 +1.472303982e+02 +3.9699e+00 -1.3303e+00 +1.7742e+00 -1.3190e+00 -3.8024e+00 -2.0655e+00 +4.4072e+00 -4.6325e+00 -4.2875e-02 +1.2313e+00 +2.1792e+00 -1.9879e-01 +3.9393e+00 -2.3039e+00 -3.4641e-01 +2.3604e+00 -3.1561e+00 -3.0944e+00 -2.5411e+00 +2.2800e+00
1002 0 +2.949026204e+01 +1.435802620e+02 +1.435802620e+02 -1.1225e+00 -6.6191e-01 -1.9809e+00 +7.6387e-01 -6.0807e-01 +8.6348e-01 -2.1382e+00 -5.7982e-01 +1.7258e-01 +1.2107e+00 +4.4169e-01 -1.3214e-01 -2.2980e+00 +2.9097e-01 +9.8299e-01 +1.1735e+00 +1.3117e+00 -6.5702e-01 -5.8383e-01 -1.0099e+00
1055 0 +2.679479302e+01 +1.408847930e+02 +1.408847930e+02 -9.7808e-01 -4.7575e-01 -2.1189e+00 +7.2383e-01 -4.8876e-01 +1.0310e+00 -2.0064e+00 -6.8682e-01 +7.5879e-02 +1.3872e+00 +5.2349e-01 -9.2734e-02 -2.1933e+00 +1.6490e-01 +1.0288e+00 +1.2161e+00 +1.3204e+00 -4.4595e-01 -7.4940e-01 -9.1881e-01
% f evaluations | g evaluations | best noise-free fitness - Fopt (-5.445900000000e+02) + sum g_i+ | measured fitness | best measured fitness or single-digit g-values | x1 | x2...
1 0 +1.318546411e+02 -4.127353589e+02 -4.127353589e+02 -2.3052e+00 +2.9427e-01 -4.9679e+00 -1.6833e-01 +4.7500e+00 +3.0254e+00 +1.5348e+00 -1.6364e+00 +2.2741e+00 +1.0208e+00 -7.3821e-01 +1.8829e+00 +6.8939e-01 -3.6723e+00 +3.0778e+00 +1.2774e+00 -1.0620e-01 +2.9401e+00 -4.3851e-01 -3.0853e-01
2 0 +9.526925131e+01 -4.493207487e+02 -4.493207487e+02 +2.4573e+00 -4.9971e-01 +8.3893e-01 +5.3739e-02 +2.3427e+00 -4.0840e+00 +8.5156e-01 +3.6885e+00 +1.0555e+00 -1.5529e+00 -5.7476e-02 +1.0871e+00 +3.6620e+00 +2.0159e+00 -2.2210e+00 -3.1558e+00 +2.9442e+00 +4.9983e-02 -8.1512e-01 +2.1375e+00
3 0 +7.733736062e+01 -4.672526394e+02 -4.672526394e+02 +3.2094e+00 -3.5651e+00 +2.9070e-01 -4.9858e-01 -2.6806e+00 -1.0590e-01 +2.8941e+00 +4.4771e+00 +2.8869e+00 +1.2050e+00 -3.0479e+00 +4.3143e+00 +3.3881e+00 -2.5819e-01 -2.8822e+00 +1.5017e+00 -2.7161e+00 -4.3436e-01 +3.7573e+00 -1.2837e+00
9 0 +5.747441164e+01 -4.871155884e+02 -4.871155884e+02 +3.1547e+00 +4.6474e+00 +1.5177e+00 -3.5617e+00 -1.9750e+00 -4.5588e-01 +3.2264e+00 +2.6358e+00 +8.8934e-01 -4.3730e+00 +9.7391e-03 +3.9057e+00 -4.5738e+00 +2.8308e+00 +2.0821e+00 +3.0692e+00 -3.4531e+00 +1.1998e+00 +3.5829e-01 -4.4596e-01
20 0 +5.196120859e+01 -4.926287914e+02 -4.926287914e+02 -1.7299e+00 +4.7408e+00 -3.5218e+00 -3.4718e+00 -3.0500e+00 -7.3235e-01 +3.6626e+00 +1.4981e-02 -3.2322e+00 -1.3092e+00 -3.2278e+00 +4.2139e+00 +2.7077e+00 -1.0272e-01 +4.9643e+00 +6.4607e-01 +1.3499e+00 +1.5332e+00 -7.3277e-01 +4.5173e-01
54 0 +3.957494705e+01 -5.050150530e+02 -5.050150530e+02 +3.2226e+00 +4.6207e+00 +1.3948e+00 -3.4447e+00 -1.8794e+00 -6.3913e-01 +3.3000e+00 +2.5661e+00 +6.5720e-01 -3.9481e+00 -2.2672e-01 +3.5783e+00 -4.4344e+00 +2.5412e+00 +2.2023e+00 +2.7275e+00 -3.4044e+00 +1.1987e+00 +4.8925e-01 -4.8224e-01
561 0 +3.452200348e+01 -5.100679965e+02 -5.100679965e+02 -3.2255e+00 +1.5608e-02 -3.1899e+00 -6.4947e-01 +3.0771e+00 -2.5410e+00 -1.5170e+00 -5.0356e-01 +2.5117e+00 +8.0454e-01 +3.5654e+00 -2.1499e+00 +1.9292e-01 +1.1541e+00 -3.2875e+00 +7.9048e-01 -5.0260e-01 +3.4115e+00 +1.8294e+00 -1.7785e+00
