% f evaluations | g evaluations | best noise-free fitness - Fopt (9.294000000000e+01) + sum g_i+ | measured fitness | best measured fitness or single-digit g-values | x1 | x2...
1 0 +4.788181467e+03 +4.881121467e+03 +4.881121467e+03 -8.1137e-02 -4.0852e+00 +3.8633e+00 +2.1988e+00 +3.6546e+00 -4.3366e+00 +1.3454e+00 +3.1307e-01 -3.9189e+00 +8.9756e-01 +8.6202e-01 +2.0741e+00 -2.9735e+00 +9.4776e-01 +7.4357e-01 -9.5902e-01 +3.9173e-01 -1.1509e+00 -3.0323e+00 -7.3331e-01
2 0 +1.441149783e+03 +1.534089783e+03 +1.534089783e+03 +1.1449e+00 +2.2321e+00 -1.4830e+00 -1.0634e+00 +3.1340e-04 +3.0353e+00 +6.8552e-01 +1.6960e+00 +2.4441e+00 +6.6018e-01 -4.3505e+00 -1.1683e+00 -2.3076e+00 +2.7574e+00 +1.0164e+00 +1.6664e-01 -1.4444e+00 -2.1776e+00 +1.0926e-01 +6.6748e-01
3 0 +9.238150862e+02 +1.016755086e+03 +1.016755086e+03 +2.9840e+00 +1.5279e+00 +2.5729e+00 -4.7196e-01 +1.7208e+00 +1.7771e+00 -1.4190e+00 -1.4664e+00 +1.9462e+00 -1.4615e+00 -3.4348e+00 -2.6926e+00 -1.5717e+00 +2.2448e+00 +1.9778e-01 +2.2015e+00 +2.5597e+00 -2.5303e+00 -6.1636e-01 -2.3872e+00
% f evaluations | g evaluations | best noise-free fitness - Fopt (3.535000000000e+01) + sum g_i+ | measured fitness | best measured fitness or single-digit g-values | x1 | x2...
1 0 +2.968810311e+03 +3.004160311e+03 +3.004160311e+03 +3.7495e+00 +1.1366e+00 +3.7290e+00 -5.8584e-01 +2.4951e+00 -2.7899e+00 +1.4634e+00 +2.3927e+00 +2.5559e+00 -2.2805e+00 -1.4999e+00 +3.8595e+00 -2.4418e-01 -5.9587e-01 -2.3830e+00 +7.7130e-01 -8.3876e-01 -1.8276e+00 -5.8012e-01 +1.9828e-01
2 0 +1.944294567e+03 +1.979644567e+03 +1.979644567e+03 +1.9826e+00 -1.7949e+00 +1.7491e+00 -1.9364e+00 -1.4937e+00 +1.9451e+00 +3.9622e-01 -3.1856e-01 +1.7873e+00 +5.8837e-01 -9.1395e-01 -1.0290e+00 -2.8546e+00 +1.4274e+00 -3.5698e+00 +7.4825e-01 +3.4147e+00 -2.3053e+00 +1.9082e+00 +2.0132e+00
6 0 +1.767231126e+03 +1.802581126e+03 +1.802581126e+03 +8.3761e-01 -4.6180e+00 -2.7293e+00 +2.0880e+00 -1.5533e+00 -2.2025e+00 +1.1147e+00 -6.4960e-01 -3.0664e-01 -3.0565e+00 -1.5653e+00 +4.0239e-02 +4.0718e-01 +1.2047e+00 +1.4790e-01 +6.8854e-01 +2.5799e-01 -1.7914e+00 +3.6058e+00 +1.2351e+00
33 0 +1.142700099e+03 +1.178050099e+03 +1.178050099e+03 -4.0407e+00 +3.2750e+00 +4.5763e+00 +4.1686e+00 -2.3687e+00 +3.9727e-01 -2.1505e+00 -4.0404e-01 +4.3776e+00 -1.0850e+00 -4.1702e+00 -1.0758e+00 +4.7112e+00 -1.9059e+00 +9.7925e-01 +4.3884e-01 +2.2330e+00 -1.6630e+00 +4.5683e+00 -3.3118e+00
% f evaluations | g evaluations | best noise-free fitness - Fopt (3.820000000000e+00) + sum g_i+ | measured fitness | best measured fitness or single-digit g-values | x1 | x2...
1 0 +1.141667463e+03 +1.145487463e+03 +1.145487463e+03 +1.7500e+00 +1.0977e+00 +6.6786e-01 +2.6157e+00 +2.6892e+00 +6.8622e-01 -4.3141e-01 +1.0484e+00 +1.1887e+00 +2.7508e+00 +1.4058e+00 +8.7351e-01 +1.0870e-01 -7.9628e-01 -2.0250e+00 +9.8114e-02 +9.5651e-01 -1.1861e-01 +1.7675e+00 -5.0190e-01
2 0 +8.180955514e+02 +8.219155514e+02 +8.219155514e+02 +1.2843e+00 +2.3768e+00 +3.8874e+00 -1.7304e+00 +8.0139e-01 -1.0680e+00 -3.3878e-01 -2.9099e+00 -2.3617e+00 +3.3801e-01 -9.4874e-01 +4.8624e-01 +1.9884e+00 +1.5731e+00 -3.7799e+00 -1.9997e+00 -1.6126e+00 +2.2118e+00 +1.6275e+00 +5.0097e-01
154 0 +5.880465460e+02 +5.918665460e+02 +5.918665460e+02 +8.5459e-01 -9.2368e-01 +1.3470e-01 -2.6003e-01 -4.9754e-01 -7.9796e-01 +8.3343e-01 +1.5319e+00 -9.0712e-01 +1.0573e+00 -2.1528e+00 -2.0793e-01 -1.2421e+00 -1.5840e+00 +6.8077e-01 -7.0940e-01 -1.0476e+00 +2.9029e+00 -5.1368e-01 +1.0078e-01
561 0 +5.731302626e+02 +5.769502626e+02 +5.769502626e+02 +1.7231e+00 +1.4827e+00 +1.1920e-01 +5.2603e-01 +1.8095e+00 +2.0729e-01 -3.4174e-01 +7.8504e-01 +7.3536e-02 +1.7688e+00 +1.0510e+00 +9.2610e-01 -6.8789e-01 -5.8262e-01 -7.1735e-01 +3.1006e-01 +5.3311e-01 -5.2191e-01 +2.2723e+00 +3.8614e-01
% f evaluations | g evaluations | best noise-free fitness - Fopt (2.175000000000e+01) + sum g_i+ | measured fitness | best measured fitness or single-digit g-values | x1 | x2...
1 0 +1.177186208e+03 +1.198936208e+03 +1.198936208e+03 +3.0168e+00 -2.8118e+00 -2.5527e+00 +1.9273e+00 +1.1501e+00 +6.6427e-01 -4.2377e+00 -3.6255e+00 -9.5100e-01 -1.4855e+00 -4.1105e+00 -6.6189e-01 +2.4272e+00 -4.4643e-02 -1.7189e+00 -1.7678e+00 +1.0882e+00 -1.1624e+00 -1.7285e+00 -5.9478e-01
4 0 +8.850209522e+02 +9.067709522e+02 +9.067709522e+02 -3.8602e+00 -2.1293e+00 +5.2284e-01 +2.7380e+00 +2.6836e-01 -9.5650e-01 +2.1545e-01 +5.6589e-01 -9.0081e-01 +6.8685e-01 -1.4527e+00 -1.5636e+00 +1.0105e+00 -2.1441e+00 -1.0536e+00 -2.0668e+00 +2.4120e-01 +1.0130e+00 -7.1916e-01 -2.5532e+00
106 0 +7.507247029e+02 +7.724747029e+02 +7.724747029e+02 +1.3985e+00 -3.5591e+00 -2.1564e+00 +3.5666e-01 -2.1607e+00 -2.5083e+00 -2.9291e+00 +9.2430e-01 -3.1604e+00 +1.7531e+00 +1.2317e+00 +2.6542e+00 +1.4716e+00 -2.5377e+00 -2.4598e-01 -7.2322e-01 -2.6529e+00 +6.6159e-01 -3.6989e+00 -2.3779e-01
107 0 +5.820423993e+02 +6.037923993e+02 +6.037923993e+02 +2.0395e+00 -3.2631e+00 -2.3134e+00 +9.7876e-01 -8.4939e-01 -1.2518e+00 -3.4474e+00 -8.7773e-01 -2.2853e+00 +4.7039e-01 -8.8414e-01 +1.3408e+00 +1.8501e+00 -1.5503e+00 -8.2938e-01 -1.1369e+00 -1.1712e+00 -6.0825e-02 -2.9185e+00 -3.7918e-01
404 0 +5.608047246e+02 +5.825547246e+02 +5.825547246e+02 +1.8458e+00 -2.1992e+00 -2.1773e+00 -9.8014e-02 -4.7450e-01 -1.5472e+00 -1.7812e+00 +8.8593e-01 -2.9254e+00 +1.5761e+00 -6.9546e-02 +2.0178e+00 +2.2371e+00 -1.1713e+00 +6.7264e-01 -1.6907e+00 -9.7074e-01 +1.1687e-01 -1.9241e+00 -1.2040e+00
608 0 +5.445310465e+02 +5.662810465e+02 +5.662810465e+02 +9.4409e-01 -3.5470e+00 -7.4508e-01 -4.6297e-01 +1.3416e+00 -9.4944e-01 -1.6140e+00 -1.4906e+00 -2.0202e+00 +1.3536e+00 -1.0178e+00 -1.7240e-02 +2.4861e+00 -1.7368e+00 +6.5070e-01 -8.0774e-01 -1.2395e+00 +7.6433e-02 -7.1715e-01 -2.0251e-01
752 0 +5.356810815e+02 +5.574310815e+02 +5.574310815e+02 +8.3647e-01 -2.9744e+00 -1.2961e+00 -2.6338e-01 +6.2480e-01 -1.8321e+00 -1.0038e+00 +1.3403e-01 -2.4407e+00 +2.2911e+00 -8.3921e-02 +9.9464e-01 +2.1815e+00 -1.6074e+00 +8.0710e-01 -8.7525e-01 -1.2949e+00 +1.7284e-01 -8.8562e-01 -4.8746e-01
1506 0 +5.222431030e+02 +5.439931030e+02 +5.439931030e+02 +1.0490e+00 -2.8136e+00 -1.4324e+00 -1.0780e-01 +7.0672e-01 -1.6303e+00 -1.2041e+00 -8.1397e-02 -2.3167e+00 +2.0114e+00 -4.7422e-01 +8.9598e-01 +2.2330e+00 -1.3712e+00 +6.5863e-01 -1.0261e+00 -1.0007e+00 +2.8923e-02 -8.2784e-01 -5.5057e-01
% f evaluations | g evaluations | best noise-free fitness - Fopt (6.479000000000e+01) + sum g_i+ | measured fitness | best measured fitness or single-digit g-values | x1 | x2...
1 0 +2.639354900e+03 +2.704144900e+03 +2.704144900e+03 -4.8788e+00 +3.9920e+00 -2.2834e+00 -8.3301e-01 -2.9916e+00 +2.2811e+00 +4.6285e+00 -2.9868e+00 +1.1556e+00 +2.1021e-01 -3.8722e-01 -5.6862e-01 -1.0424e+00 +3.5420e+00 +3.4977e+00 -2.0426e+00 +3.0156e+00 +2.4354e+00 -5.1127e-02 +1.4694e+00
2 0 +1.435534955e+03 +1.500324955e+03 +1.500324955e+03 +2.4621e+00 -7.4032e-01 +1.3689e-01 -3.2899e+00 +6.7917e-01 -9.6842e-01 -1.7925e+00 -1.7771e+00 +3.8105e+00 +1.3545e+00 +3.3398e+00 +7.9224e-01 +1.8744e+00 -8.4374e-01 -3.4799e+00 +1.9176e-01 +6.9450e-01 -4.4150e+00 +1.0447e+00 -2.0276e+00
16 0 +1.205228908e+03 +1.270018908e+03 +1.270018908e+03 +4.9137e+00 -4.7871e+00 +3.8564e+00 -2.3282e+00 +3.1703e+00 +1.7395e+00 -4.1190e+00 -3.1807e+00 -3.3435e+00 +6.5536e-01 -3.2493e+00 -4.9957e+00 -3.6044e+00 +2.9763e+00 -1.8110e+00 -3.4227e+00 -2.6229e+00 -3.6750e-01 -2.5264e+00 +2.3376e+00
25 0 +1.084359712e+03 +1.149149712e+03 +1.149149712e+03 -2.3321e+00 -2.7355e-01 +7.0353e-02 +3.8146e+00 -2.4748e+00 +2.9422e+00 -2.9967e+00 +2.2415e+00 -3.0538e+00 -3.4328e-02 +2.7159e+00 -8.2208e-01 -4.6840e+00 -2.1716e+00 -3.7961e+00 +3.5784e+00 +2.2746e+00 +3.9044e+00 +3.3009e+00 +4.2137e+00
42 0 +9.910634593e+02 +1.055853459e+03 +1.055853459e+03 +3.1389e+00 +3.6914e+00 -2.7616e+00 +2.2610e+00 +2.8289e+00 +1.8612e+00 -2.2992e+00 -2.3184e+00 -3.2006e+00 -1.9303e+00 +1.0306e-01 -1.3147e+00 +8.0598e-01 +3.8829e+00 -4.0738e+00 -3.0622e+00 -1.8038e+00 +2.8341e+00 -4.0703e+00 +4.6875e+00
47 0 +9.646396023e+02 +1.029429602e+03 +1.029429602e+03 +4.4730e+00 +2.4218e+00 +2.7758e+00 -3.9281e+00 +2.1589e+00 -3.4793e+00 -4.3461e+00 -3.5792e+00 +6.3048e-01 -1.3478e+00 +4.9641e+00 -2.7375e+00 +1.5493e+00 -4.4419e+00 -1.2916e+00 +4.2577e+00 +2.0245e+00 +3.4951e+00 -2.2147e+00 -2.9907e+00
154 0 +9.236948054e+02 +9.884848054e+02 +9.884848054e+02 -1.9757e+00 +2.3058e-01 -7.6983e-02 +3.0225e-01 -2.0569e+00 +1.2205e+00 -4.1060e-01 +1.6208e-01 -5.0739e-01 -5.3926e-01 +1.5662e+00 -6.8862e-01 -2.3312e+00 -5.9331e-01 -1.9477e+00 +1.4764e+00 +1.0524e+00 +1.4463e+00 +1.0303e+00 +2.0627e+00
211 0 +5.526002744e+02 +6.173902744e+02 +6.173902744e+02 -1.5232e+00 -3.4539e-01 +7.8830e-02 +2.5863e+00 -1.9434e+00 +2.2715e+00 -2.7719e+00 +1.5477e+00 -1.8734e+00 +1.9610e-01 +2.8129e+00 -5.4908e-01 -3.5608e+00 -1.9339e+00 -3.7273e+00 +2.9914e+00 +1.9984e+00 +2.4809e+00 +1.0873e-01 +3.1460e+00
% f evaluations | g evaluations | best noise-free fitness - Fopt (-1.000000000000e+03) + sum g_i+ | measured fitness | best measured fitness or single-digit g-values | x1 | x2...
1 0 +2.474178687e+03 +1.474178687e+03 +1.474178687e+03 -1.3132e+00 +1.5689e+00 +2.1963e+00 +3.1134e+00 -8.1517e-01 +3.6108e+00 +3.5060e-01 -3.7726e-01 -3.9465e+00 +2.7692e+00 +2.1399e+00 +1.2723e+00 -1.7283e+00 -2.8734e+00 +1.5774e-01 +2.8467e+00 +7.4246e-01 +2.8668e+00 -1.9602e+00 +7.4136e-01
4 0 +1.525079540e+03 +5.250795403e+02 +5.250795403e+02 +2.6807e+00 -3.2517e-01 -1.4655e+00 -7.0617e-01 -2.2278e+00 -6.0460e-01 -2.9562e+00 +1.9642e+00 +1.9666e-01 -1.8190e+00 -2.6844e+00 -2.0091e+00 +1.2338e+00 +1.6120e-01 -3.4394e+00 +3.9593e+00 +1.4912e+00 +3.3266e+00 -1.2846e+00 -1.6730e-01
5 0 +1.466748275e+03 +4.667482754e+02 +4.667482754e+02 +2.5431e+00 +1.9939e-01 -1.1692e+00 -6.5440e-01 -2.4684e+00 -8.8722e-01 -2.9000e+00 +1.8922e+00 +1.0843e-01 -2.1088e+00 -2.7540e+00 -2.1194e+00 +1.1431e+00 -1.0151e-01 -3.5557e+00 +3.8568e+00 +1.2436e+00 +3.2481e+00 -1.5645e+00 +3.5204e-01
153 0 +1.377147872e+03 +3.771478724e+02 +3.771478724e+02 +2.2729e+00 -4.0545e+00 -4.0259e+00 -1.8769e+00 -2.3115e+00 +2.6060e+00 -1.5704e+00 -2.0123e+00 +2.4110e+00 -9.9695e-01 -3.3659e+00 -7.9563e-01 +2.0394e+00 +1.4332e+00 +8.4275e-02 +1.7856e+00 -3.9010e-01 +1.5839e+00 +5.4815e-01 -1.2476e+00
% f evaluations | g evaluations | best noise-free fitness - Fopt (1.640700000000e+02) + sum g_i+ | measured fitness | best measured fitness or single-digit g-values | x1 | x2...
1 0 +4.158059377e+03 +4.322129377e+03 +4.322129377e+03 -7.4161e-01 -2.9388e+00 -3.6083e+00 +7.9073e-01 +3.6879e+00 -8.8834e-01 -2.4759e+00 +2.8727e+00 +8.7595e-01 +4.6982e+00 -1.0937e+00 -4.0045e+00 -1.8541e+00 +2.9892e+00 -9.1525e-01 -1.7028e+00 +2.1846e+00 -2.0666e+00 +2.4029e+00 +1.3379e-01
2 0 +2.574730561e+03 +2.738800561e+03 +2.738800561e+03 +4.2418e+00 -3.3010e+00 +3.6462e+00 +3.8683e-01 -1.3249e+00 +9.8095e-01 -4.0935e+00 -7.1639e-01 +4.3543e+00 -3.7128e+00 +2.6521e-01 -7.3150e-01 +6.9924e-01 +2.8184e+00 +1.0701e+00 +4.5182e+00 -1.0408e+00 -1.8457e+00 -2.1825e-01 -1.7842e+00
6 0 +1.852023538e+03 +2.016093538e+03 +2.016093538e+03 +1.6654e+00 +2.1022e+00 -2.4861e-01 +1.9764e+00 -2.5278e+00 -1.5698e+00 +1.8059e-01 -7.2883e-01 +8.2340e-01 +3.4745e+00 -1.6659e+00 +5.5418e-01 +2.4960e+00 -1.3045e+00 +1.7205e+00 -1.8082e+00 +3.9340e+00 -4.4189e-01 -6.2229e-01 +4.1651e-01
7 0 +1.736225600e+03 +1.900295600e+03 +1.900295600e+03 +1.2893e+00 +2.7004e+00 -1.1969e+00 +2.7141e+00 -1.9648e+00 -2.1137e+00 +5.6764e-01 -8.1943e-01 +8.2583e-01 +2.9673e+00 -1.2355e+00 +1.2139e+00 +1.9162e+00 -2.0082e+00 +2.1880e+00 -1.6723e+00 +3.8670e+00 -1.2918e-01 -5.9373e-01 +1.4171e+00
16 0 +1.378668361e+03 +1.542738361e+03 +1.542738361e+03 +1.7096e+00 +2.3038e+00 -4.3263e+00 -4.4111e+00 +1.3934e+00 +6.8324e-01 +3.5455e+00 +1.9938e+00 +3.5447e+00 +9.6945e-01 +4.9528e+00 +4.2351e+00 +2.2427e+00 +5.9185e-01 -2.2561e+00 -3.8266e+00 +4.5115e+00 -2.0207e+00 -1.7044e+00 +1.5951e+00
258 0 +1.332599750e+03 +1.496669750e+03 +1.496669750e+03 -2.5561e+00 -3.1006e+00 +2.9512e+00 -3.2588e+00 +1.7769e+00 -3.5044e+00 +2.5268e+00 +3.8185e+00 -5.7339e-01 -2.5263e+00 -9.8513e-01 -2.6702e+00 -6.4393e-01 -9.1360e-01 +1.1761e+00 +2.6917e+00 +1.1570e+00 +2.6802e+00 +2.4296e+00 -2.8111e+00
309 0 +1.244808177e+03 +1.408878177e+03 +1.408878177e+03 -1.4492e-01 -1.0931e+00 +2.0334e+00 -3.2476e+00 +2.3845e+00 -2.7826e+00 +1.4087e+00 +2.5256e+00 -1.1947e-01 -5.6727e-01 -1.6112e+00 -2.1479e+00 -1.6683e-01 -1.4372e+00 +1.8037e-01 +2.4523e+00 -5.5033e-01 +2.4615e+00 +2.3690e+00 -1.0480e+00
% f evaluations | g evaluations | best noise-free fitness - Fopt (-1.656800000000e+02) + sum g_i+ | measured fitness | best measured fitness or single-digit g-values | x1 | x2...
1 0 +2.126266474e+03 +1.960586474e+03 +1.960586474e+03 -7.8882e-01 -2.6432e+00 +1.5469e+00 +8.1129e-01 +1.4525e+00 +3.7017e+00 +1.0539e+00 +2.0709e+00 -1.2012e+00 +1.8634e-01 -2.8477e+00 -4.1900e-01 +1.9443e+00 +4.7840e+00 +2.0942e+00 -6.8021e-01 -2.1209e-01 +4.7806e+00 -4.6992e-01 -6.8357e-01
2 0 +5.065605123e+02 +3.408805123e+02 +3.408805123e+02 +1.9742e+00 -1.7461e+00 -3.9723e+00 +3.2154e+00 +3.5424e+00 -4.3549e+00 -3.7891e+00 +4.8645e+00 +2.0650e+00 +2.9224e-01 +1.5586e+00 -7.3954e-01 -1.1315e+00 -4.9081e+00 +2.4110e+00 +7.9966e-01 +1.0895e+00 -1.8859e+00 +1.1368e+00 +2.9690e-01
155 0 +3.818966608e+02 +2.162166608e+02 +2.162166608e+02 +3.2067e+00 -1.2715e+00 -1.7174e+00 +1.4056e+00 +2.3625e+00 -2.4368e+00 +1.2954e+00 +2.8369e+00 -3.3590e+00 -1.7938e+00 +2.6031e+00 +1.1934e+00 -1.6446e+00 -4.4517e-01 -6.2595e-01 +2.6174e+00 +1.8710e+00 -4.9040e-01 +1.5391e+00 +1.0980e+00
304 0 +2.350647007e+02 +6.938470074e+01 +6.938470074e+01 +1.4969e+00 -1.9835e+00 -2.2735e+00 +3.0953e+00 +2.9750e+00 -3.0132e+00 -2.9053e+00 +3.4380e+00 +1.5673e+00 -9.4077e-01 +2.1379e+00 -3.2945e-01 -1.4804e-01 -4.6697e+00 +2.7717e+00 +1.4329e+00 +1.5606e+00 -1.0676e+00 +9.7126e-01 -8.1871e-01
% f evaluations | g evaluations | best noise-free fitness - Fopt (9.284000000000e+01) + sum g_i+ | measured fitness | best measured fitness or single-digit g-values | x1 | x2...
1 0 +1.689254545e+03 +1.782094545e+03 +1.782094545e+03 +1.4151e+00 -9.5396e-02 +4.2930e+00 +1.5727e+00 +1.4744e+00 +2.1779e+00 +4.8111e+00 +3.9420e+00 +2.6207e+00 -2.4085e-01 -4.1164e+00 +3.1287e-01 +1.6383e+00 +1.3693e+00 +2.6827e+00 +2.5670e-01 -1.3473e+00 +1.7791e+00 -1.3442e-01 +1.0942e+00
4 0 +9.446011880e+02 +1.037441188e+03 +1.037441188e+03 -2.4387e+00 -1.7290e-01 +2.6723e-01 +1.3561e+00 -2.6551e+00 +5.6027e-01 -8.3324e-01 -8.8059e-01 -2.0037e+00 +1.0537e+00 -7.2457e-01 +2.9500e+00 +5.4191e-01 +2.4250e+00 -1.6123e+00 -1.2865e+00 +3.5281e+00 +2.1938e-01 +3.5582e-01 +5.3306e-01
53 0 +9.242103335e+02 +1.017050333e+03 +1.017050333e+03 -4.8012e-01 +8.3781e-03 +8.7359e-01 +1.5241e+00 -1.9707e+00 +6.9668e-02 -3.1742e-02 +1.8589e+00 -4.3499e-01 +1.4676e+00 -1.2773e+00 +9.6187e-01 +1.0406e+00 +2.1099e-01 +5.4317e-02 -1.3687e+00 +2.0365e+00 +7.8079e-01 -9.5569e-02 +2.0538e-01
58 0 +8.642660256e+02 +9.571060256e+02 +9.571060256e+02 -1.2027e+00 -5.4525e-01 +8.8635e-01 +2.0313e+00 -1.4548e+00 +3.8357e-01 +4.7801e-01 +1.4680e+00 -9.6066e-01 +1.1761e+00 -1.3403e+00 +1.2108e+00 +1.2170e+00 +8.6980e-01 -2.4210e-01 -1.1437e+00 +2.1746e+00 +9.1848e-01 +3.4988e-01 +8.7548e-01
152 0 +8.332109156e+02 +9.260509156e+02 +9.260509156e+02 +1.2159e+00 +2.0858e+00 -1.1888e+00 +3.0303e+00 -1.9280e+00 -9.8508e-01 +6.4328e-01 -2.6952e-01 -1.3073e+00 +2.1485e+00 -2.3689e+00 -2.6218e+00 -1.1548e+00 -1.8915e-01 -1.3808e-01 -1.4036e+00 +7.3797e-01 +1.8080e+00 +2.4674e+00 -6.9913e-01
153 0 +7.104586663e+02 +8.032986663e+02 +8.032986663e+02 +8.8420e-01 +1.2215e+00 +2.8277e-01 +2.5700e+00 -1.1405e+00 -1.0955e-01 +1.4929e+00 +8.8316e-01 -4.2896e-01 +1.4966e+00 -2.5770e+00 -1.4137e+00 -2.0203e-01 +3.0162e-01 +4.3817e-01 -1.0148e+00 +5.2195e-01 +1.6646e+00 +1.5941e+00 -7.9389e-02
% f evaluations | g evaluations | best noise-free fitness - Fopt (-3.679200000000e+02) + sum g_i+ | measured fitness | best measured fitness or single-digit g-values | x1 | x2...
1 0 +9.854100684e+02 +6.174900684e+02 +6.174900684e+02 -1.8734e+00 -1.0583e+00 -1.0784e+00 -1.6878e+00 +2.2029e+00 -3.8434e+00 -3.0073e+00 +7.7352e-01 -2.4006e+00 -2.4195e+00 +2.6061e+00 -8.2321e-01 -1.0432e+00 +1.9072e+00 -2.1376e+00 -2.6034e+00 -2.3038e+00 +3.1760e+00 +2.5175e+00 -5.7213e-01
6 0 +8.829130378e+02 +5.149930378e+02 +5.149930378e+02 +3.7150e+00 -4.2369e+00 +4.7249e+00 +4.6594e+00 -1.7780e+00 +2.4987e+00 +2.3091e+00 -4.6354e+00 -1.0745e+00 +1.1122e-01 -2.0075e+00 +2.3088e+00 +2.6417e+00 +2.8475e+00 +1.1609e+00 -1.3640e+00 -2.7323e+00 +2.9094e+00 -3.0097e+00 -7.1902e-01
8 0 +7.962326103e+02 +4.283126103e+02 +4.283126103e+02 -1.4717e+00 -5.6841e-01 +6.9518e-02 -1.2864e+00 +2.5753e+00 -3.5150e+00 -1.7353e+00 +8.8369e-01 -1.8420e+00 -1.9228e+00 +1.2010e+00 -1.3563e+00 -2.3591e-01 +1.6393e+00 -1.1390e+00 -1.7165e+00 -1.7179e+00 +1.8845e+00 +2.7703e+00 -5.0695e-01
1311 0 +7.743354932e+02 +4.064154932e+02 +4.064154932e+02 -1.4982e+00 -8.7334e-01 -6.1810e-01 -1.2171e+00 +1.7933e+00 -3.2383e+00 -2.3567e+00 +4.6445e-01 -1.9876e+00 -2.0254e+00 +6.8418e-01 -8.7946e-01 -7.0542e-01 +1.8655e+00 -1.9488e+00 -2.0262e+00 -1.9535e+00 +2.7431e+00 +2.2695e+00 -2.1598e-01
% f evaluations | g evaluations | best noise-free fitness - Fopt (4.950000000000e+01) + sum g_i+ | measured fitness | best measured fitness or single-digit g-values | x1 | x2...
1 0 +8.445455795e+02 +8.940455795e+02 +8.940455795e+02 -3.3398e+00 -4.2364e+00 +2.8409e+00 -2.8171e+00 -2.3253e-01 -1.1957e+00 +9.4124e-01 -5.6007e-01 -5.4479e-01 +1.5716e+00 -3.5198e-02 +1.0771e+00 +3.2122e+00 -1.4233e+00 +2.8168e+00 -4.7356e-01 +1.4233e+00 -3.4139e+00 -8.6897e-01 +1.2561e+00
3 0 +8.266217931e+02 +8.761217931e+02 +8.761217931e+02 -5.7002e-01 +3.8366e+00 +3.5717e+00 +1.4573e+00 -4.3263e-02 +4.6516e+00 -1.1065e+00 +1.4436e+00 -2.6367e+00 +1.6140e+00 +4.1013e+00 +3.2511e+00 -3.6750e+00 +1.1965e+00 -1.3401e+00 -3.3018e+00 +3.9157e-01 +1.3963e+00 +2.2532e+00 -2.9798e+00
5 0 +5.705477712e+02 +6.200477712e+02 +6.200477712e+02 -2.0972e+00 +3.3984e+00 +2.2643e+00 +1.9576e+00 -8.5672e-01 +2.7720e+00 -6.3729e-01 +2.7712e-01 -2.8995e+00 +2.7758e+00 +1.6307e+00 +1.0202e+00 -3.2774e+00 -7.7870e-02 -4.4149e-01 -2.5211e+00 +5.7398e-01 +1.8571e+00 +3.4535e-01 -9.3307e-01
154 0 +4.969977676e+02 +5.464977676e+02 +5.464977676e+02 -2.1147e+00 +1.4058e+00 +2.7596e+00 +5.2376e-01 -4.3599e-01 +2.1372e+00 -2.9817e-01 +3.5469e-01 -2.1816e+00 +2.1172e+00 +1.7748e+00 +1.4883e+00 -1.4849e+00 -1.2741e-01 +2.4154e-01 -2.0942e+00 +7.5305e-01 +2.2129e-01 +4.7581e-01 -7.9558e-01
314 0 +4.191695248e+02 +4.686695248e+02 +4.686695248e+02 -1.5824e+00 +2.1707e-01 +3.0394e+00 +8.4544e-01 -3.0066e-01 +3.0036e+00 -5.7671e-01 +7.2990e-01 -2.3384e+00 +1.9438e+00 +2.5765e+00 +2.0958e+00 -2.2396e+00 +3.2879e-01 -3.0347e-01 -2.5103e+00 +6.2849e-01 +6.2618e-01 +1.0883e+00 -1.5482e+00
% f evaluations | g evaluations | best noise-free fitness - Fopt (-1.277000000000e+01) + sum g_i+ | measured fitness | best measured fitness or single-digit g-values | x1 | x2...
1 0 +1.063107808e+03 +1.050337808e+03 +1.050337808e+03 +3.4025e+00 -4.2561e-01 +1.2738e+00 +1.6753e+00 +2.9011e+00 +1.6859e+00 +3.9981e+00 -1.9312e+00 -2.3229e+00 +1.9222e+00 +4.5564e+00 -2.6456e+00 -8.1225e-01 -4.1828e+00 +1.5095e+00 -9.1506e-01 -5.4623e-01 -1.0979e+00 -1.1666e-01 +6.7166e-01
8 0 +8.458896311e+02 +8.331196311e+02 +8.331196311e+02 -1.5549e+00 +2.8176e+00 -2.5391e-01 -3.1313e+00 -3.5547e-02 -9.3072e-01 -4.2980e+00 -2.6102e+00 -1.8772e+00 +1.1139e+00 -4.1426e+00 +1.5693e+00 +1.9287e+00 +4.4460e-01 +8.6789e-01 -4.2847e-02 +1.1408e+00 -4.6998e-01 +3.2430e+00 +3.8572e+00
12 0 +5.284266006e+02 +5.156566006e+02 +5.156566006e+02 +4.3242e+00 +4.0770e+00 +4.6301e+00 +3.1109e+00 -3.9151e-01 +4.7244e+00 -9.0471e-02 +2.6531e+00 -3.9568e-01 +3.3021e+00 +2.3201e+00 +2.0552e+00 -4.7996e-01 +1.1162e+00 -1.4129e-01 +9.0155e-01 -2.5379e+00 -7.4273e-01 -1.8805e+00 +4.0763e+00
62 0 +5.028277915e+02 +4.900577915e+02 +4.900577915e+02 +4.3242e+00 +4.0770e+00 +4.6301e+00 +3.1109e+00 -3.9151e-01 +4.7244e+00 -9.0471e-02 +2.6531e+00 -3.9568e-01 +3.3021e+00 +2.3201e+00 +2.0552e+00 -3.4462e-02 +1.1162e+00 -1.4129e-01 +9.0155e-01 -2.5379e+00 -7.4273e-01 -1.8805e+00 +4.0763e+00
% f evaluations | g evaluations | best noise-free fitness - Fopt (6.365000000000e+01) + sum g_i+ | measured fitness | best measured fitness or single-digit g-values | x1 | x2...
1 0 +6.615753320e+02 +7.252253320e+02 +7.252253320e+02 +3.8097e-01 -3.1169e+00 +1.5310e+00 -1.5514e+00 +8.6350e-02 +3.3464e+00 -1.6917e+00 -3.3374e+00 +1.5394e+00 -2.2353e+00 +2.4756e+00 +1.1108e-01 -2.3589e+00 +7.4545e-01 +4.5282e-01 +2.8400e+00 +6.7187e-01 +3.4012e+00 +1.9262e+00 +1.0025e+00
56 0 +5.636648843e+02 +6.273148843e+02 +6.273148843e+02 +5.6164e-01 -2.4775e+00 +8.8582e-01 -1.8621e+00 -3.8765e-01 +2.8934e+00 -1.5509e+00 -3.4354e+00 +1.1423e+00 -1.4355e+00 +2.1681e+00 +3.0985e-01 -2.0625e+00 +5.4812e-01 +9.5087e-01 +2.2159e+00 +3.8137e-01 +3.3153e+00 +2.2519e+00 +1.2801e+00
104 0 +5.456087594e+02 +6.092587594e+02 +6.092587594e+02 +6.6041e-01 -2.3805e+00 +8.6843e-01 -1.7533e+00 -1.8718e-01 +2.6342e+00 -1.3565e+00 -3.1959e+00 +1.0104e+00 -1.3505e+00 +1.9498e+00 +7.5209e-02 -2.1179e+00 +5.5825e-01 +8.1012e-01 +1.9865e+00 +3.0403e-01 +3.0553e+00 +1.9658e+00 +1.0735e+00
405 0 +5.196475468e+02 +5.832975468e+02 +5.832975468e+02 +5.2336e-01 -2.8500e+00 +1.2706e+00 -1.4673e+00 +5.7408e-02 +3.1072e+00 -1.5879e+00 -3.1951e+00 +1.3900e+00 -1.8370e+00 +2.2366e+00 +9.6995e-02 -2.1816e+00 +7.0925e-01 +4.7866e-01 +2.5776e+00 +4.9495e-01 +3.1140e+00 +1.8435e+00 +9.0198e-01
1364 0 +4.999663572e+02 +5.636163572e+02 +5.636163572e+02 +4.9316e-01 -2.0814e+00 +1.4142e+00 -1.3433e+00 +1.8723e-01 +1.1133e+00 -1.6326e+00 -3.1466e+00 +1.5264e+00 -1.9981e+00 +2.2971e+00 +7.7137e-02 -2.2170e+00 +7.6623e-01 +3.4466e-01 +2.7462e+00 +5.4924e-01 +5.8336e-01 +1.6306e+00 +7.9806e-01
1764 0 +4.576784871e+02 +5.213284871e+02 +5.213284871e+02 +4.4176e-01 -5.4809e-01 +1.4395e+00 -1.3878e+00 +9.7179e-02 +1.9801e+00 -1.2835e+00 -3.1279e+00 +1.3374e+00 -2.0647e+00 +2.0409e+00 +1.5496e-01 -2.1715e+00 +8.1283e-01 +3.5840e-01 +2.7961e+00 +2.6504e-01 +3.1557e+00 +1.7423e+00 +8.8974e-01
% f evaluations | g evaluations | best noise-free fitness - Fopt (6.991900000000e+02) + sum g_i+ | measured fitness | best measured fitness or single-digit g-values | x1 | x2...
1 0 +1.871926326e+03 +2.571116326e+03 +2.571116326e+03 -4.0499e+00 +2.1935e+00 +4.6197e-01 +6.1673e-01 -4.6585e-01 -3.3687e+00 -1.5774e+00 -1.2683e+00 +1.6025e+00 -2.2349e+00 -2.1679e+00 +1.0024e+00 -1.2227e+00 +2.1741e-01 -4.6436e+00 -5.4679e-01 +2.5090e+00 -8.1678e-01 +2.4897e+00 +3.8539e+00
2 0 +7.254733900e+02 +1.424663390e+03 +1.424663390e+03 +3.1167e+00 -1.1256e+00 +9.3390e-01 -1.1105e-03 +1.7756e+00 -1.4583e+00 -3.0366e+00 +6.8064e-01 +1.4522e+00 +3.3903e+00 -1.1085e+00 -1.3724e+00 -2.0484e+00 -1.5215e+00 +1.4903e+00 -3.7126e+00 +1.5892e+00 +1.5299e+00 +7.1257e-01 +3.7217e+00
53 0 +6.557319656e+02 +1.354921966e+03 +1.354921966e+03 +3.0833e+00 -1.5645e+00 +7.2545e-01 -1.1870e+00 +2.3389e+00 -2.7099e-01 -3.0734e+00 +3.0436e-02 +1.9162e+00 +2.3703e+00 -3.0664e-02 +1.7212e-01 -5.4898e-01 -1.6951e-01 +1.1558e+00 -2.7570e+00 +3.9473e-01 +3.1266e-01 +1.7634e+00 +2.6925e+00
% f evaluations | g evaluations | best noise-free fitness - Fopt (1.000000000000e+03) + sum g_i+ | measured fitness | best measured fitness or single-digit g-values | x1 | x2...
1 0 +2.059750866e+03 +3.059750866e+03 +3.059750866e+03 -1.6376e+00 +5.0106e-01 +5.4938e-01 +7.8234e-01 -9.7235e-01 -6.9016e-01 +1.5814e-01 -1.3644e+00 +3.8456e+00 -1.5132e+00 +4.1997e+00 +8.4032e-01 -3.7390e+00 -1.2980e+00 +1.1083e+00 -3.0660e+00 -1.0991e+00 +1.9808e+00 +2.5828e+00 -3.3511e+00
2 0 +1.378334867e+03 +2.378334867e+03 +2.378334867e+03 -2.2913e+00 +1.6982e+00 -3.7373e-01 +3.2592e-01 -2.6418e-01 -2.2842e+00 +4.7423e+00 +2.8211e+00 +4.6813e+00 -2.6060e+00 -2.9712e+00 +1.5308e+00 +4.9284e+00 +4.4125e+00 -3.1626e+00 -1.7245e+00 +1.4368e+00 +3.2702e-02 -2.5054e+00 -9.4934e-01
7 0 +4.746090258e+02 +1.474609026e+03 +1.474609026e+03 +4.7296e-01 -1.6818e-01 +1.5554e+00 -5.3838e-01 -2.8835e+00 -3.1755e+00 +3.4330e+00 -1.7832e+00 -1.7893e+00 +2.4366e+00 +1.7338e+00 +3.8842e+00 +8.6453e-01 +4.2612e+00 -1.4383e+00 +6.4610e-02 +3.4838e-01 +3.2172e+00 -2.2931e-01 +1.9986e+00
55 0 +3.812589545e+02 +1.381258955e+03 +1.381258955e+03 -7.5362e-01 -1.3291e+00 +1.1788e+00 -2.8798e-01 -1.1848e+00 -1.6698e+00 +2.2235e+00 -1.1894e+00 +5.5757e-01 +3.2628e-01 +1.8043e+00 +3.2769e-01 +2.5107e+00 +2.5644e+00 -1.9319e+00 +6.3729e-01 +2.9458e-01 +7.1033e-01 -8.7534e-01 +4.8288e-01
102 0 +3.465475640e+02 +1.346547564e+03 +1.346547564e+03 -9.6995e-01 -5.6971e-01 +5.1007e-01 -1.0993e-01 -4.0544e-01 -1.8406e+00 +2.5223e+00 -8.1213e-01 +1.3890e-01 +8.3579e-01 +1.8919e+00 +2.5530e-01 +1.6163e+00 +1.6078e+00 -2.0996e+00 +9.1453e-01 -3.0958e-01 +2.8617e-01 -4.3094e-01 +1.0154e+00
