% f evaluations | g evaluations | best noise-free fitness - Fopt (-5.465000000000e+02) + sum g_i+ | measured fitness | best measured fitness or single-digit g-values | x1 | x2...
1 0 +1.684344032e+05 +1.678879032e+05 +1.678879032e+05 +2.6073e+00 -2.5193e+00 +4.7771e+00 -4.3857e+00 -2.1470e+00 +2.7267e+00 +3.6357e-01 -3.2479e-01 -9.3917e-01 -1.8367e-01 -3.6259e+00 +1.4063e+00 +2.5903e+00 +3.0780e+00 -1.2848e+00 -1.8805e+00 +1.4363e+00 +2.0050e+00 +9.6659e-01 -2.4824e+00
2 0 +8.097307867e+04 +8.042657867e+04 +8.042657867e+04 -3.8862e+00 +1.9145e+00 +4.5250e+00 -6.8177e-01 +1.8609e+00 +1.1748e-01 +1.4566e+00 +1.4759e+00 +1.5847e+00 +1.1815e+00 -1.1037e+00 +4.2402e-01 -1.6277e+00 -2.5529e+00 -2.0334e+00 -4.8118e-01 -3.4902e+00 -4.3295e+00 -3.8871e-01 +3.9037e+00
4 0 +6.542646061e+04 +6.487996061e+04 +6.487996061e+04 -1.4241e+00 +3.0103e+00 +3.4053e+00 -1.1018e+00 +4.4358e-01 -1.6025e+00 +1.7204e+00 -1.2088e+00 +2.4768e+00 -5.2293e-01 +1.1424e+00 +9.4307e-03 -1.2223e+00 -2.6136e+00 -1.4148e+00 +8.8100e-01 -2.2805e+00 -5.2316e-01 -7.3766e-01 +1.4277e+00
53 0 +6.259462632e+04 +6.204812632e+04 +6.204812632e+04 -3.0086e+00 +2.0649e+00 +4.2984e+00 -6.1335e-01 +1.4040e+00 +5.0472e-01 +1.2134e+00 +7.9206e-01 +1.8091e+00 +6.8061e-01 -1.4696e+00 +1.9293e-01 -1.8437e+00 -2.0160e+00 -1.8767e+00 -5.4024e-02 -2.5799e+00 -3.3047e+00 +3.9156e-02 +3.2579e+00
106 0 +6.105389814e+04 +6.050739814e+04 +6.050739814e+04 +9.5649e-01 -2.5505e-01 +4.2154e+00 -3.0410e+00 -1.0862e+00 +9.5397e-01 +9.1918e-01 -6.8679e-01 +4.5961e-01 -3.2259e-01 -1.6733e+00 +8.3431e-01 +1.0291e+00 +7.4738e-01 -1.3380e+00 -7.4975e-01 -8.5642e-02 +9.6976e-01 +2.6873e-01 -8.8127e-01
107 0 +4.294771501e+04 +4.240121501e+04 +4.240121501e+04 +2.2666e-01 +7.4601e-01 +3.9670e+00 -2.4465e+00 -6.1721e-01 +1.7023e-01 +1.1648e+00 -8.4684e-01 +1.0780e+00 -3.8401e-01 -8.1010e-01 +5.8142e-01 +3.3891e-01 -2.8300e-01 -1.3615e+00 -2.4980e-01 -7.5852e-01 +5.1207e-01 -3.9801e-02 -1.7341e-01
202 0 +4.164380084e+04 +4.109730084e+04 +4.109730084e+04 -2.5746e+00 +1.6884e+00 +4.1862e+00 -9.9457e-01 +8.6878e-01 +2.9635e-01 +9.9706e-01 +5.4584e-01 +1.1670e+00 +5.2418e-01 -1.4109e+00 +8.4893e-01 -9.3807e-01 -1.4197e+00 -1.3822e+00 -1.6024e-01 -2.1926e+00 -2.6584e+00 -2.1730e-01 +2.9571e+00
203 0 +2.577026779e+04 +2.522376779e+04 +2.522376779e+04 -7.2074e-01 +1.1422e+00 +3.7796e+00 -1.4616e+00 -5.9990e-01 +8.5575e-01 +1.7948e-01 -6.2867e-01 +3.2680e-01 -3.3473e-01 -2.2661e+00 +1.6303e+00 +1.6921e-01 +5.0830e-01 -3.7169e-01 +1.8007e-01 -1.7563e-01 -3.9640e-01 +1.2501e-01 +1.7236e+00
% f evaluations | g evaluations | best noise-free fitness - Fopt (1.000000000000e+03) + sum g_i+ | measured fitness | best measured fitness or single-digit g-values | x1 | x2...
1 0 +4.922292383e+04 +5.022292383e+04 +5.022292383e+04 -1.2385e+00 -3.5428e+00 -7.7065e-01 -4.1606e+00 -1.1737e+00 -1.4247e+00 +3.0923e+00 +4.0824e+00 +7.5994e-02 +2.4258e-01 +1.2934e+00 +1.8648e+00 -2.7375e-01 -1.7113e+00 -1.1330e+00 -2.2040e+00 -2.9479e+00 -2.8071e+00 +1.1089e+00 -5.4906e-01
3 0 +2.945274032e+04 +3.045274032e+04 +3.045274032e+04 +3.8566e+00 -3.8476e+00 -4.1233e+00 +1.9822e+00 -1.7190e+00 +1.2284e+00 -4.1318e+00 +9.8584e-02 -3.3007e+00 +3.9935e+00 -4.5924e+00 +2.8567e+00 -3.0337e-01 -9.2080e-01 +4.6059e-01 -1.3489e+00 -5.2806e-01 -6.6651e-01 -3.0886e+00 +1.0135e+00
52 0 +2.365742776e+04 +2.465742776e+04 +2.465742776e+04 +3.1679e+00 -3.4893e+00 -3.2097e+00 +1.9983e+00 -1.5652e+00 +1.5685e+00 -3.4242e+00 -1.3529e-01 -3.0788e+00 +3.5819e+00 -4.4222e+00 +2.3804e+00 +2.0033e-01 -9.7825e-01 +7.2522e-01 -7.4489e-01 -2.2569e-01 -8.0543e-01 -2.8431e+00 +7.1196e-01
57 0 +1.786674951e+04 +1.886674951e+04 +1.886674951e+04 -1.0935e+00 -3.6823e+00 +6.8732e-01 -2.8870e+00 -2.8582e-01 -1.2960e+00 +9.7274e-01 +2.3493e+00 -1.0287e+00 +2.8310e-01 -3.6136e-02 +1.5815e-01 -7.7250e-01 -6.4175e-01 -8.1032e-01 -6.1807e-01 -1.0390e+00 -2.1096e+00 +6.0748e-01 -3.2040e-01
1713 0 +1.674236339e+04 +1.774236339e+04 +1.774236339e+04 -7.2963e-01 -4.5767e-01 +5.8623e-01 -1.4835e+00 +5.5326e-01 -4.5610e-01 +4.8221e-01 +1.5796e+00 +1.8151e-01 +5.0018e-01 +7.3791e-02 +1.6510e+00 +2.0069e-01 -1.0136e+00 +5.4118e-01 -8.2012e-01 -1.4053e+00 -2.2530e+00 -8.3055e-02 -8.8468e-02
% f evaluations | g evaluations | best noise-free fitness - Fopt (2.083800000000e+02) + sum g_i+ | measured fitness | best measured fitness or single-digit g-values | x1 | x2...
1 0 +1.266589211e+05 +1.268673011e+05 +1.268673011e+05 -1.9762e+00 -5.0301e-01 -6.7703e-02 -6.0246e-01 -5.8141e-02 -2.8024e+00 +4.3620e+00 -4.0557e+00 +1.1076e+00 +2.8314e+00 -1.4183e+00 -2.3591e+00 -3.0611e+00 -3.2632e-01 -1.5984e+00 -3.3154e+00 +1.5472e+00 -1.3771e+00 -1.6181e+00 -1.7019e+00
2 0 +7.819911986e+04 +7.840749986e+04 +7.840749986e+04 -8.0804e-03 -1.7919e-01 +5.2379e-01 -3.1037e+00 +3.0745e+00 +9.1417e-01 -1.7487e+00 -3.1452e+00 -1.4946e+00 -4.1357e+00 +1.8078e+00 +1.8334e+00 -8.2488e-01 -1.8573e+00 -1.0730e+00 +1.9828e+00 +1.1296e+00 -3.4714e-01 +1.0822e+00 -1.3220e+00
3 0 +6.735017091e+04 +6.755855091e+04 +6.755855091e+04 -2.8373e-02 -9.2831e-01 +7.6759e-01 -2.9481e+00 +3.1497e+00 +5.4047e-01 -1.1339e+00 -2.7651e+00 -8.3360e-01 -4.2048e+00 +1.6674e+00 +1.5033e+00 -1.5375e+00 -2.1269e+00 -5.0243e-01 +1.9248e+00 +1.2937e+00 -2.0280e-01 +7.1429e-01 -1.0643e+00
4 0 +2.043444565e+04 +2.064282565e+04 +2.064282565e+04 +5.8569e-02 +5.0866e-02 +1.9369e+00 +8.5928e-01 -2.2734e+00 +4.3799e-01 +2.8774e+00 -1.2241e+00 +1.2108e+00 +2.2555e-02 -9.0326e-01 -8.5567e-01 -2.0759e+00 -1.0955e+00 +6.9188e-01 -2.2499e+00 +3.2262e+00 +4.4772e-01 -5.3787e-01 +4.8365e-01
6 0 +1.427931187e+04 +1.448769187e+04 +1.448769187e+04 +1.0096e+00 -1.2437e-01 +2.9557e+00 +2.4682e+00 -3.0226e+00 +2.8443e+00 +1.6278e+00 +1.7058e+00 +5.5566e-01 -2.0602e+00 -5.0511e-01 +3.7569e-01 -1.2511e+00 -2.2660e+00 +2.4402e+00 -1.3755e+00 +3.7609e+00 +2.1228e+00 +2.2188e-01 +1.5999e+00
55 0 +7.698114779e+03 +7.906494779e+03 +7.906494779e+03 +1.1128e+00 -7.8360e-01 +1.5795e+00 +2.1496e-01 -2.4254e-01 +1.2849e+00 +1.6944e+00 +1.4321e+00 +7.0295e-01 +4.5219e-02 -1.6381e+00 -8.4831e-01 -1.9609e+00 -2.6495e-02 +5.1457e-01 -1.0467e+00 +1.9639e+00 +8.6320e-01 +1.0774e+00 +1.8744e+00
103 0 +6.940250451e+03 +7.148630451e+03 +7.148630451e+03 +1.5157e+00 -9.4663e-01 +1.5437e+00 -1.0210e-01 -7.1919e-01 +1.0737e+00 +1.8457e+00 +1.5587e+00 +4.6611e-01 -4.8670e-02 -1.1290e+00 -1.0167e+00 -1.3774e+00 -2.6765e-01 +9.9382e-01 -6.1135e-01 +2.5055e+00 +8.2053e-01 +3.3056e-01 +2.2200e+00
162 0 +2.436644973e+03 +2.645024973e+03 +2.645024973e+03 +1.1128e+00 -7.8360e-01 +1.5795e+00 +2.1496e-01 -2.4254e-01 +1.2849e+00 +1.6944e+00 +1.4321e+00 +7.0295e-01 +4.5219e-02 -2.9465e-01 -8.4831e-01 -1.9609e+00 -2.6495e-02 +5.1457e-01 -1.0467e+00 +1.9639e+00 +8.6320e-01 +1.0774e+00 +1.8744e+00
% f evaluations | g evaluations | best noise-free fitness - Fopt (-1.449600000000e+02) + sum g_i+ | measured fitness | best measured fitness or single-digit g-values | x1 | x2...
1 0 +1.263803089e+05 +1.262353489e+05 +1.262353489e+05 +3.5750e-01 -1.3935e+00 -4.8147e+00 +2.1678e+00 +2.3576e+00 +2.1707e+00 +3.6813e+00 +3.4648e-02 +1.0313e-01 +3.2682e-02 -1.2295e+00 +2.0192e+00 -1.7103e-01 +2.2960e+00 -9.0534e-01 -2.9007e+00 +2.9002e+00 -3.2268e-01 -2.4337e-01 -4.6280e-02
3 0 +1.223282133e+05 +1.221832533e+05 +1.221832533e+05 +1.6936e+00 -2.5659e+00 -7.8363e-01 +1.1688e+00 +1.6514e+00 -3.1478e+00 +1.9813e+00 +2.7842e+00 +3.3978e+00 +2.2047e+00 -1.7455e+00 +2.2726e-01 +3.0286e+00 +1.4799e+00 -9.0261e-01 -1.1496e+00 +3.9807e+00 +1.5452e-01 +2.0198e+00 -1.7977e+00
4 0 +8.505622139e+04 +8.491126139e+04 +8.491126139e+04 -1.2009e+00 -2.2243e+00 +2.8148e-01 +1.3459e+00 -8.3353e-03 +9.8245e-01 -3.6458e-01 -2.2354e+00 -1.5263e-01 +1.1406e+00 -1.4250e+00 +2.6427e-01 +1.9426e+00 +3.4537e-02 -2.6574e+00 +2.4583e+00 -1.0117e+00 -6.7873e-02 +4.3297e-01 +2.5753e+00
6 0 +5.830629609e+04 +5.816133609e+04 +5.816133609e+04 +1.1686e-01 -2.6175e+00 -3.8951e-01 +1.4823e+00 +1.5420e+00 -1.0974e+00 +1.2153e-02 +2.9212e-01 +1.8592e+00 +2.4150e+00 -3.1872e+00 +1.3084e+00 +2.3461e+00 -1.0007e+00 -1.9719e+00 +1.5273e+00 +1.7813e+00 -1.0016e+00 +2.2366e+00 +9.6070e-01
102 0 +4.406128058e+04 +4.391632058e+04 +4.391632058e+04 -3.4664e+00 +6.8703e-01 -2.3815e-01 -1.1727e+00 -5.7976e-01 +1.4866e-01 -1.3263e+00 -1.5141e+00 +4.1222e-01 +1.2009e+00 +3.6608e-01 +2.3420e+00 -4.3921e+00 +2.2608e+00 +8.5402e-01 +2.1947e+00 +4.3117e-01 +5.7088e-01 +4.7708e-01 -2.0819e+00
206 0 +3.574258585e+04 +3.559762585e+04 +3.559762585e+04 -2.9039e+00 -7.5470e-01 -7.1126e-01 -2.2166e+00 -2.2974e+00 -1.7421e+00 +9.1804e-01 -1.3196e+00 +2.4748e+00 +2.8945e+00 +7.1839e-01 +3.4776e+00 -4.1217e+00 +3.2022e+00 -3.0734e-01 +2.7887e+00 -6.1655e-01 -1.0232e+00 +1.1175e+00 -3.2900e+00
302 0 +2.824372073e+04 +2.809876073e+04 +2.809876073e+04 -2.6739e+00 -5.2847e-01 -7.7082e-01 -1.9092e+00 -1.8744e+00 -1.3621e+00 +7.2033e-01 -1.1777e+00 +2.1205e+00 +2.5453e+00 +5.2937e-01 +3.1397e+00 -3.8701e+00 +2.8615e+00 -1.4104e-01 +2.3769e+00 -3.2153e-01 -7.0881e-01 +9.4924e-01 -2.9305e+00
% f evaluations | g evaluations | best noise-free fitness - Fopt (-6.300000000000e+00) + sum g_i+ | measured fitness | best measured fitness or single-digit g-values | x1 | x2...
1 0 +1.098137982e+05 +1.098074982e+05 +1.098074982e+05 -1.8675e+00 +2.8415e+00 -4.8931e+00 -3.2866e+00 +3.1314e+00 +2.5019e+00 -4.7903e+00 +1.7496e+00 -5.0448e-01 -3.7288e+00 +3.4941e+00 -2.1267e-01 +1.6073e+00 +3.2070e-01 +8.2878e-01 +1.1803e+00 -5.7445e-02 -6.1575e-01 -2.3722e+00 +9.6127e-01
2 0 +6.823578589e+04 +6.822948589e+04 +6.822948589e+04 +1.8087e+00 -2.4800e-02 -1.0126e+00 -2.9318e-01 +1.2754e+00 +2.3593e+00 -2.1952e+00 +1.5431e+00 -1.2506e+00 -2.4882e+00 -2.1317e-01 -2.2944e+00 +2.4265e+00 +2.3188e-01 -3.1441e+00 -1.6393e+00 +1.8382e-01 -1.5154e+00 +2.2865e-01 -1.2417e+00
4 0 +4.663078676e+04 +4.662448676e+04 +4.662448676e+04 -2.1678e+00 +1.5538e+00 +6.5832e-01 +5.7261e-02 +3.3898e-01 +3.8280e-01 +1.2687e-02 +9.0166e-01 -1.3300e+00 -3.2051e-01 +9.3947e-01 +2.3389e+00 -2.3843e+00 +2.6689e+00 +2.1119e+00 -3.8228e-01 -1.8608e+00 +1.2754e+00 -2.3982e+00 +1.3580e+00
152 0 +3.197706996e+04 +3.197076996e+04 +3.197076996e+04 -1.5866e+00 +3.8099e-01 -1.1090e+00 -1.1741e+00 +3.9722e+00 -2.8563e-01 -2.3681e+00 +6.3432e-01 +6.2372e-01 -3.5301e-02 -8.3113e-01 +2.5003e+00 -8.0864e-01 -2.7076e+00 -1.2227e+00 +6.6777e-01 +9.7104e-02 -2.6363e+00 -2.8708e+00 -1.9175e+00
153 0 +3.075571651e+04 +3.074941651e+04 +3.074941651e+04 -1.6805e+00 +1.2034e+00 -2.3737e+00 -1.8802e+00 +3.6912e+00 +6.4601e-01 -3.1777e+00 +1.0071e+00 +2.4665e-01 -1.2697e+00 +6.1447e-01 +1.5936e+00 -1.1850e-03 -1.6955e+00 -5.3703e-01 +8.3908e-01 +4.5450e-02 -1.9610e+00 -2.7042e+00 -9.5536e-01
158 0 +2.817996827e+04 +2.817366827e+04 +2.817366827e+04 -1.3720e+00 +1.1051e+00 -2.2322e+00 -1.7429e+00 +3.4299e+00 +8.0128e-01 -3.0707e+00 +1.0280e+00 +1.2599e-01 -1.3815e+00 +5.6201e-01 +1.2461e+00 +2.3207e-01 -1.5205e+00 -7.4193e-01 +6.2599e-01 +6.2943e-02 -1.8956e+00 -2.4285e+00 -9.6122e-01
204 0 +2.691788983e+04 +2.691158983e+04 +2.691158983e+04 -1.9883e+00 +7.1098e-02 -1.6194e+00 -1.4759e+00 +3.9117e+00 +4.2732e-01 -2.4324e+00 +1.7343e-01 +1.0985e-01 -7.9588e-02 -5.0200e-01 +1.3526e+00 -8.5543e-01 -1.9133e+00 -6.6904e-01 +9.1732e-02 +3.0355e-01 -1.9441e+00 -2.9531e+00 -1.7293e+00
255 0 +2.642394603e+04 +2.641764603e+04 +2.641764603e+04 -2.4024e+00 -2.8255e-01 -1.3688e+00 -1.3771e+00 +2.4496e+00 +1.2890e+00 -1.0699e+00 +2.5166e-01 -6.2982e-01 -4.0878e-01 +6.6946e-03 +1.8961e-01 -1.3923e+00 +1.0020e+00 +5.4204e-01 -1.0805e+00 -2.0582e-01 +4.9436e-01 -2.4392e+00 +3.5779e-02
358 0 +2.171157277e+04 +2.170527277e+04 +2.170527277e+04 -8.8886e-01 -1.7412e-01 -2.1720e+00 +2.4021e-01 +4.2857e+00 +6.9676e-01 -1.3871e+00 +8.1103e-01 +1.0511e+00 -4.0346e-01 -1.4409e+00 +1.3788e+00 -1.4350e-01 -2.5029e-03 -1.4786e+00 -1.2409e+00 -2.1794e-01 -1.0665e-02 -2.1285e+00 -3.8490e-01
808 0 +2.025729440e+04 +2.025099440e+04 +2.025099440e+04 -1.3246e+00 -5.2726e-01 -1.5374e+00 -7.4584e-02 +4.1752e+00 +4.3823e-01 -1.4633e+00 +2.8718e-01 +6.6675e-01 +1.9525e-01 -1.0913e+00 +1.0099e+00 -7.2149e-01 -9.2004e-01 -1.3292e+00 -9.9249e-01 +6.2977e-02 -8.4027e-01 -2.4479e+00 -1.2554e+00
864 0 +1.987827839e+04 +1.987197839e+04 +1.987197839e+04 -1.3500e+00 -2.7037e-01 -1.1541e+00 -2.8281e-01 +4.0623e+00 +4.3774e-02 -2.8625e-01 +3.9180e-01 +6.6875e-01 +2.3169e-01 -1.1823e+00 +1.2886e+00 -8.0853e-01 -1.7753e+00 -1.4230e+00 -3.5617e-01 +8.8566e-02 -1.6814e+00 -2.5407e+00 -1.6663e+00
957 0 +1.947671479e+04 +1.947041479e+04 +1.947041479e+04 -1.4034e+00 -1.9174e-01 -1.5545e+00 -4.5084e-01 +4.0714e+00 +2.8605e-01 -1.7968e+00 +4.3015e-01 +6.1012e-01 -1.2464e-02 -8.7341e-01 +1.3282e+00 -6.5602e-01 -1.2789e+00 -1.2150e+00 -5.2948e-01 +5.7969e-02 -1.2326e+00 -2.5427e+00 -1.3101e+00
1056 0 +1.861211011e+04 +1.860581011e+04 +1.860581011e+04 -1.3454e+00 -3.1638e-01 -1.3374e+00 -2.4464e-01 +4.0807e+00 +2.1849e-01 -5.1813e-01 +3.7672e-01 +6.5006e-01 +1.5931e-01 -1.1384e+00 +1.1506e+00 -7.4155e-01 -1.4364e+00 -1.3588e+00 -5.6146e-01 +6.5091e-02 -1.3648e+00 -2.4996e+00 -1.4794e+00
1102 0 +1.814303980e+04 +1.813673980e+04 +1.813673980e+04 -1.4416e+00 +1.1951e-01 -1.4519e+00 -7.1952e-01 +3.9609e+00 +5.0348e-01 -1.6319e+00 +5.6673e-01 +5.0434e-01 -3.5556e-01 -5.2203e-01 +1.1654e+00 -4.5136e-01 -1.2285e+00 -1.0433e+00 -2.9808e-01 +4.6584e-02 -1.2767e+00 -2.5249e+00 -1.1492e+00
1153 0 +1.749205467e+04 +1.748575467e+04 +1.748575467e+04 -1.4664e+00 -2.0516e-01 -1.9949e+00 -9.5827e-01 +3.8529e+00 +5.9652e-01 -1.2991e+00 +6.9712e-01 +4.0493e-01 -6.5890e-01 -1.3074e-01 +9.5097e-01 -2.6528e-01 -1.3040e+00 -9.1663e-01 -1.0654e-02 +6.0399e-02 -1.3433e+00 -2.5028e+00 -1.0754e+00
1156 0 +1.654241007e+04 +1.653611007e+04 +1.653611007e+04 -1.3470e+00 +1.0874e-01 -1.1328e+00 -6.0288e-01 +3.8149e+00 +4.4583e-01 -1.2669e+00 +6.1596e-01 +5.5047e-01 -3.4442e-01 -6.2158e-01 +1.1641e+00 -4.3011e-01 -1.2427e+00 -1.1487e+00 -3.0843e-01 +1.3569e-02 -1.2978e+00 -2.4529e+00 -1.1533e+00
1157 0 +1.620243214e+04 +1.619613214e+04 +1.619613214e+04 -1.2226e+00 +6.0716e-01 -2.1781e+00 -8.8674e-01 +3.2949e+00 +9.1553e-01 -2.1269e+00 +9.8146e-01 +4.4943e-01 -1.1085e+00 +9.1350e-03 +9.9454e-01 +1.0812e-01 -5.4146e-01 -9.1225e-01 -2.5714e-01 -1.1032e-01 -8.0632e-01 -2.2427e+00 -4.6558e-01
1560 0 +1.487457269e+04 +1.486827269e+04 +1.486827269e+04 -1.4677e+00 +2.3075e-01 -1.9971e+00 -8.4413e-01 +3.9320e+00 +3.0398e-01 -2.0158e+00 +6.1664e-01 +1.9405e-01 -5.2312e-01 -2.5048e-01 +1.1302e+00 -3.2329e-01 -3.0267e-01 -9.3495e-01 -2.8151e-01 +3.8717e-02 -1.1613e+00 -2.5204e+00 -1.0016e+00
1663 0 +1.232742898e+04 +1.232112898e+04 +1.232112898e+04 -1.4486e+00 -1.8433e-01 -2.0855e+00 -8.5794e-01 +3.8898e+00 +5.7573e-01 -1.2921e+00 +6.5556e-01 +4.0849e-01 -5.9169e-01 -1.7748e-01 +8.2219e-01 -2.4528e-01 -1.0488e-01 -9.0434e-01 -1.2140e-01 +4.9077e-02 -1.1737e+00 -2.4628e+00 -9.5747e-01
% f evaluations | g evaluations | best noise-free fitness - Fopt (-1.367600000000e+02) + sum g_i+ | measured fitness | best measured fitness or single-digit g-values | x1 | x2...
1 0 +1.472511566e+05 +1.471143966e+05 +1.471143966e+05 +4.7505e-01 -3.5014e-01 +2.7895e+00 +8.8448e-01 +6.1295e-01 +2.6377e+00 -7.8005e-01 +1.4992e+00 +4.2227e+00 +2.1812e+00 -2.8076e+00 -2.9761e+00 +5.6921e-01 +3.2215e+00 -7.0953e-01 +5.7293e-01 -2.4231e+00 +1.1489e+00 +3.0520e+00 -2.9728e-01
2 0 +6.565933970e+04 +6.552257970e+04 +6.552257970e+04 -3.3698e+00 -1.9203e+00 +2.5272e+00 -3.6328e+00 +2.4374e+00 -4.3236e+00 -2.8847e+00 -7.7901e-01 -2.4316e+00 -1.4111e+00 -1.8220e+00 -2.5824e+00 +1.8482e+00 -1.2891e+00 +6.5089e-01 -6.1218e-01 +2.8022e+00 +8.5543e-01 -1.5402e-01 +9.2657e-01
5 0 +5.059978422e+04 +5.046302422e+04 +5.046302422e+04 +7.0181e-01 +1.3736e+00 -2.3443e+00 -1.4591e+00 -2.5620e+00 +2.8454e+00 -2.9480e+00 +1.7340e+00 -1.9465e+00 -1.4963e+00 -1.0245e+00 +2.6802e+00 -2.9878e+00 +3.1220e+00 -2.9708e+00 -2.2959e+00 +4.1403e+00 +2.5721e-01 -6.0913e-01 -1.0357e+00
409 0 +4.978795989e+04 +4.965119989e+04 +4.965119989e+04 +1.7711e+00 -7.6685e-01 +2.9014e-01 +2.6271e+00 -1.1032e+00 +1.4760e+00 -1.4089e+00 -6.0031e-01 +1.6711e+00 -6.7066e-02 -2.5929e-01 -2.0351e+00 -5.3109e-01 -9.5818e-01 +1.2327e+00 +2.8429e+00 -1.7359e+00 +1.9948e+00 +4.9766e-01 -1.3242e-01
454 0 +3.506458313e+04 +3.492782313e+04 +3.492782313e+04 +1.0159e+00 -1.0119e-01 +5.9071e-02 +1.8502e+00 -1.4236e+00 +9.4605e-01 -1.3095e+00 -3.7197e-01 +1.0158e+00 -4.7972e-01 +9.4707e-01 -2.1824e-01 -6.4085e-01 -1.1394e+00 +1.9004e+00 +2.7646e+00 -7.8726e-01 +3.1730e-01 -4.1417e-01 +2.8917e-01
505 0 +3.465678061e+04 +3.452002061e+04 +3.452002061e+04 +6.4765e-01 +9.3875e-02 +3.5523e-01 +1.4449e+00 -1.2212e+00 +9.7968e-01 -1.1555e+00 -5.3412e-02 +1.1714e+00 -3.2479e-01 +9.0407e-01 +1.2115e-01 -5.7240e-01 -9.5359e-01 +1.7767e+00 +2.4418e+00 -6.5849e-01 -2.1320e-01 -4.0064e-01 +3.3995e-01
606 0 +3.331000467e+04 +3.317324467e+04 +3.317324467e+04 +6.2660e-01 +2.8684e-02 +8.5140e-01 +1.4163e+00 -1.0321e+00 +1.0873e+00 -1.0868e+00 +5.5166e-02 +1.3962e+00 -1.6131e-01 +6.0675e-01 -2.6489e-01 -5.2453e-01 -7.9460e-01 +1.5549e+00 +2.2938e+00 -8.1040e-01 -1.0599e-01 -2.1149e-01 +2.6856e-01
703 0 +3.301727305e+04 +3.288051305e+04 +3.288051305e+04 +4.9982e-01 +9.7743e-02 +9.8995e-01 +1.2666e+00 -9.4937e-01 +1.1126e+00 -1.0433e+00 +1.8522e-01 +1.4819e+00 -7.1638e-02 +5.5692e-01 -1.8823e-01 -4.7381e-01 -6.0535e-01 +1.4869e+00 +2.1562e+00 -7.8356e-01 -2.7968e-01 -1.4506e-01 +2.8274e-01
% f evaluations | g evaluations | best noise-free fitness - Fopt (3.667500000000e+02) + sum g_i+ | measured fitness | best measured fitness or single-digit g-values | x1 | x2...
1 0 +1.442450934e+05 +1.446118434e+05 +1.446118434e+05 +1.6340e+00 +1.5434e+00 +3.1216e+00 -3.7042e+00 +1.4168e+00 +2.1246e+00 +2.6984e+00 -1.6713e+00 +1.0038e+00 +4.8555e+00 -5.6703e-01 +9.5310e-01 -2.5921e+00 +1.1645e+00 -2.7670e+00 -1.8794e+00 -5.2555e-01 -1.6157e-01 +6.8136e-01 +2.8880e+00
2 0 +3.388977527e+04 +3.425652527e+04 +3.425652527e+04 -1.6473e-01 +3.0797e+00 +9.3101e-01 -7.0429e-01 +1.5006e+00 +2.2448e+00 -7.0688e-01 +2.4875e+00 -3.9215e+00 +1.9365e+00 +3.2737e+00 -3.4278e+00 +1.7989e+00 +3.5703e+00 +1.0552e+00 -2.1002e+00 -5.8349e-02 +1.2898e+00 +8.2168e-01 -1.3846e+00
4 0 +3.273302693e+04 +3.309977693e+04 +3.309977693e+04 -4.3072e-02 -1.5720e+00 +3.8805e+00 -3.2423e+00 -1.6251e+00 -1.2144e+00 -3.4669e+00 +3.7300e+00 +5.3612e-01 +1.3282e+00 +2.4404e+00 +1.6658e+00 +3.2417e+00 +3.2385e+00 -1.0687e+00 +1.5559e+00 +9.4846e-01 +3.8950e+00 +3.3455e+00 -6.6091e-01
7 0 +1.159497903e+04 +1.196172903e+04 +1.196172903e+04 +4.2909e-01 -1.2615e+00 +3.3694e+00 -2.1908e+00 -1.3249e+00 +7.4118e-01 -1.9028e+00 +3.7898e+00 -1.5300e-01 +7.4496e-01 +1.3459e-01 +9.0779e-01 +6.7099e-01 +3.4000e+00 -1.3073e+00 +9.2084e-01 -4.0282e-01 +1.4056e+00 +3.0589e+00 +1.2103e-01
158 0 +9.206747742e+03 +9.573497742e+03 +9.573497742e+03 -1.8125e-02 +2.4437e+00 +1.2757e+00 -1.3049e+00 +6.2562e-01 +2.2931e+00 +3.2073e-01 +1.2728e+00 -3.0566e+00 +1.0032e+00 +4.9021e-01 -1.1798e+00 +7.0503e-01 +2.6311e+00 +1.6060e+00 -1.2420e+00 -6.2852e-01 +2.2271e+00 +6.9389e-01 -2.4031e+00
% f evaluations | g evaluations | best noise-free fitness - Fopt (-2.486900000000e+02) + sum g_i+ | measured fitness | best measured fitness or single-digit g-values | x1 | x2...
1 0 +6.564163140e+04 +6.539294140e+04 +6.539294140e+04 -3.6980e+00 -1.4395e+00 +4.7257e-01 -1.4619e+00 +2.3104e+00 +1.4777e+00 -5.7671e-01 +1.6193e+00 -6.4685e-01 +2.1008e+00 -4.1600e+00 -3.2194e+00 -1.0248e+00 +2.4753e-01 -1.2683e+00 -1.6158e+00 -1.0649e+00 +6.1775e-01 +7.9076e-01 -3.7241e+00
4 0 +3.301345289e+04 +3.276476289e+04 +3.276476289e+04 -1.5172e+00 -3.1649e+00 -2.5783e+00 +2.5922e+00 +1.8212e-01 +1.6101e-01 +1.6322e+00 -1.9503e-01 -1.8214e+00 +1.0924e+00 +1.8156e+00 -1.3149e+00 -3.1256e+00 +3.0265e+00 -1.8887e+00 +2.1451e-02 -3.1062e+00 +7.9361e-02 +4.7227e-01 -3.0257e+00
8 0 +1.983014414e+04 +1.958145414e+04 +1.958145414e+04 -1.9352e+00 +1.2829e+00 +2.5492e+00 +8.8801e-01 -1.8850e+00 -1.2344e+00 -3.8513e+00 -1.8342e+00 -1.5282e+00 -1.3598e+00 +1.2960e+00 -1.3953e+00 -1.5725e+00 +5.2803e-01 +1.8927e-01 -6.5636e-01 -2.0096e+00 -3.0534e+00 -5.4352e-01 -4.4398e-01
9 0 +1.931529420e+04 +1.906660420e+04 +1.906660420e+04 -1.9707e+00 +1.3209e+00 +2.5159e+00 +9.3827e-01 -1.9972e+00 -1.2451e+00 -3.8741e+00 -1.8110e+00 -1.4526e+00 -1.3113e+00 +1.3451e+00 -1.2928e+00 -1.6430e+00 +4.5543e-01 +3.0728e-01 -7.2800e-01 -1.9887e+00 -3.0452e+00 -5.6035e-01 -4.8782e-01
102 0 +1.372055000e+04 +1.347186000e+04 +1.347186000e+04 -2.4714e+00 -1.4727e+00 -1.7265e-01 -7.3137e-01 +5.3604e-01 -1.1241e+00 -1.7936e+00 +9.6573e-01 +1.8238e+00 +9.9487e-01 -1.8412e+00 -1.5376e+00 -1.5371e+00 -2.4281e-02 +1.8189e+00 +8.4593e-01 -4.5741e-01 -1.0171e+00 +4.2099e-01 -6.8781e-01
156 0 +1.326540636e+04 +1.301671636e+04 +1.301671636e+04 -2.4792e+00 -1.4034e+00 -1.7495e-01 -8.5272e-01 +5.7322e-01 -1.0169e+00 -1.8459e+00 +8.6575e-01 +1.8332e+00 +8.7207e-01 -1.9224e+00 -1.4149e+00 -1.3289e+00 +4.9653e-02 +1.7199e+00 +7.5506e-01 -4.0446e-01 -1.0971e+00 +4.1741e-01 -6.1675e-01
% f evaluations | g evaluations | best noise-free fitness - Fopt (-6.786000000000e+01) + sum g_i+ | measured fitness | best measured fitness or single-digit g-values | x1 | x2...
1 0 +1.531872686e+05 +1.531194086e+05 +1.531194086e+05 +2.2777e+00 +2.5572e+00 +4.1358e+00 -3.6961e+00 -8.1440e-01 +2.6642e+00 +2.2270e-01 +2.5663e-01 +2.7211e+00 +4.3760e+00 +3.4066e-02 -1.1898e+00 -4.9345e-01 -1.7623e+00 +1.4744e+00 -3.4820e+00 -7.0130e-01 +3.3502e+00 +4.3175e-01 -3.3996e-01
5 0 +8.490359856e+04 +8.483573856e+04 +8.483573856e+04 -2.3509e+00 -1.2431e+00 +3.1944e+00 -1.5343e+00 -4.4261e-01 -1.4990e+00 +1.8223e+00 -1.0509e+00 -1.6817e+00 +4.4673e-01 +1.0826e-01 +8.7826e-01 +7.8428e-01 +2.7925e+00 +5.8563e-01 -2.0632e+00 -8.8804e-01 -1.9653e+00 +3.0954e+00 -1.6000e+00
8 0 +2.013739978e+04 +2.006953978e+04 +2.006953978e+04 -5.6447e-01 -4.3095e+00 +2.4283e+00 -1.7013e+00 +9.7979e-01 -1.0700e+00 -9.4620e-01 -7.7075e-01 -4.3115e-01 -9.2108e-01 -1.8219e+00 +1.7193e+00 +1.6249e+00 -1.4225e-01 +5.5201e-01 +2.5982e+00 +2.1744e+00 +1.3621e+00 -4.9474e-02 -1.8755e-01
9 0 +1.804933376e+04 +1.798147376e+04 +1.798147376e+04 -4.8699e-01 -4.2832e+00 +2.2029e+00 -1.8107e+00 +4.3654e-02 -1.6869e+00 -1.7584e+00 -5.1761e-01 -3.9122e-01 -3.5278e-01 -1.5010e+00 +1.9250e+00 +1.4059e+00 +5.6301e-01 +1.4481e-01 +2.9784e+00 +1.7707e+00 +8.3937e-01 -1.9729e-01 -5.9314e-02
156 0 +5.432232725e+03 +5.364372725e+03 +5.364372725e+03 -8.3895e-01 -2.6985e+00 -1.2275e+00 -2.1512e+00 +1.2681e+00 +1.2664e+00 +3.4083e+00 +1.9182e+00 +9.8845e-02 -1.2794e+00 +5.3291e-01 +5.2613e-01 +2.4278e-01 +2.1094e-01 +3.1615e-01 +4.2092e-01 +2.8507e+00 +9.0408e-01 +2.3528e+00 +2.2916e+00
% f evaluations | g evaluations | best noise-free fitness - Fopt (-2.329000000000e+01) + sum g_i+ | measured fitness | best measured fitness or single-digit g-values | x1 | x2...
1 0 +5.352493850e+04 +5.350164850e+04 +5.350164850e+04 -2.7451e+00 +2.1050e+00 -6.4920e-01 -2.9656e-01 +1.9964e+00 -4.3017e+00 -2.5339e+00 -7.2377e-01 -4.3454e-01 -1.1321e+00 +1.0900e+00 +3.3515e+00 -6.0949e-01 +1.4079e+00 -6.0813e-01 +2.2360e+00 +4.2279e+00 +3.5944e+00 -1.7535e+00 +1.3046e+00
56 0 +4.199947519e+04 +4.197618519e+04 +4.197618519e+04 -1.9628e+00 +2.4351e+00 +3.1663e-01 +5.0312e-01 +2.1295e+00 -3.8166e+00 -2.4087e+00 -3.9335e-01 -4.6430e-02 -5.3136e-01 +1.0001e+00 +3.6051e+00 +2.5108e-01 +9.9434e-01 -5.8541e-01 +1.2893e+00 +3.8760e+00 +2.6300e+00 -2.0079e+00 +1.9596e+00
106 0 +3.344378782e+04 +3.342049782e+04 +3.342049782e+04 +2.1759e+00 -1.3652e-01 +6.5693e-01 -4.1289e-02 +2.3228e+00 -1.7335e+00 +1.1578e+00 -1.1359e-01 +6.8040e-01 -8.6585e-01 -2.4961e+00 +1.6114e+00 +2.5825e-01 -3.1776e-02 -1.8381e+00 -4.0100e-01 -2.0378e-01 +9.7353e-01 -1.5717e+00 +7.2404e-01
107 0 +2.734556362e+04 +2.732227362e+04 +2.732227362e+04 -1.0484e+00 +1.3321e+00 -1.9885e-01 -2.0854e-01 +2.1089e+00 -3.4162e+00 -1.2610e+00 -5.1338e-01 -5.0113e-02 -1.0403e+00 -1.4647e-01 +2.7515e+00 -3.1029e-01 +9.1148e-01 -1.0322e+00 +1.3268e+00 +2.6999e+00 +2.6907e+00 -1.6908e+00 +1.1044e+00
204 0 +1.504554071e+04 +1.502225071e+04 +1.502225071e+04 +1.6029e-01 +7.7129e-01 -8.0905e-01 -3.7688e-01 +1.9107e+00 -2.5687e+00 -5.4822e-01 +6.6541e-02 +7.9021e-01 -6.1330e-02 +2.3554e-01 +1.7841e+00 -4.2477e-01 -6.5523e-01 -9.8521e-01 +9.8025e-01 +6.4286e-01 +1.1141e+00 -6.0577e-01 +1.2247e+00
410 0 +1.287088693e+04 +1.284759693e+04 +1.284759693e+04 +1.6029e-01 +7.7129e-01 -8.0905e-01 -3.7688e-01 +1.9107e+00 -1.7813e+00 -5.4822e-01 +6.6541e-02 +7.9021e-01 -6.1330e-02 +2.3554e-01 +1.7841e+00 -4.2477e-01 -6.5523e-01 -9.8521e-01 +9.8025e-01 +6.4286e-01 +1.1141e+00 -6.0577e-01 +1.2247e+00
454 0 +1.243379751e+04 +1.241050751e+04 +1.241050751e+04 +1.3466e+00 -1.7537e-01 +1.0236e+00 -1.4509e+00 +1.1178e+00 -1.9962e+00 -2.7216e+00 -6.5273e-01 +2.0936e+00 -5.2285e-02 -2.1376e-01 -1.5678e-02 +1.2636e+00 +1.4239e+00 -1.1968e+00 +4.7539e-01 -1.0967e+00 +1.6104e+00 +1.3869e-01 +1.4557e+00
455 0 +1.048714777e+04 +1.046385777e+04 +1.046385777e+04 -4.6857e-01 +8.3625e-01 +2.8148e-01 -9.3880e-01 +1.5076e+00 -3.0190e+00 -2.6383e+00 -6.8424e-01 +9.7205e-01 -5.3131e-01 +3.6462e-01 +1.4781e+00 +4.3661e-01 +1.4168e+00 -9.3564e-01 +1.2564e+00 +1.2654e+00 +2.4905e+00 -7.0072e-01 +1.3886e+00
508 0 +6.951291477e+03 +6.928001477e+03 +6.928001477e+03 +6.4944e-01 +4.0105e-01 +8.4827e-02 -1.1355e+00 +1.3543e+00 -2.3973e+00 -1.9514e+00 -2.2866e-01 +1.3759e+00 -4.0601e-01 -8.7933e-02 +8.5409e-01 +3.7132e-01 +6.8539e-01 -1.1775e+00 +8.5128e-01 -2.8929e-02 +1.7313e+00 -2.0987e-01 +1.0742e+00
803 0 +6.734262895e+03 +6.710972895e+03 +6.710972895e+03 +8.6231e-01 +1.1016e-01 +1.1444e-02 -1.7294e+00 +1.1387e+00 -2.4217e+00 -2.3671e+00 -1.4241e-01 +1.6023e+00 -3.9862e-01 -8.5061e-02 -2.9590e-03 +3.7276e-01 +8.6922e-01 -1.2419e+00 +1.0579e+00 -4.5423e-01 +1.6921e+00 +2.3196e-01 +1.2192e+00
1005 0 +5.612325548e+03 +5.589035548e+03 +5.589035548e+03 +6.7136e-01 +3.2434e-01 -2.6258e-01 -1.5578e+00 +1.0437e+00 -2.4047e+00 -2.0904e+00 +2.2675e-02 +1.3523e+00 -5.8760e-01 +6.2395e-02 +3.8356e-01 +9.3703e-02 +6.4023e-01 -1.2032e+00 +1.1398e+00 -8.4593e-02 +1.7761e+00 +1.2498e-02 +1.1700e+00
1211 0 +3.952820982e+03 +3.929530982e+03 +3.929530982e+03 +6.7136e-01 +3.2434e-01 -2.6258e-01 -1.5578e+00 +1.0437e+00 -1.6623e+00 -2.0904e+00 +2.2675e-02 +1.3523e+00 -5.8760e-01 +6.2395e-02 +3.8356e-01 +9.3703e-02 +6.4023e-01 -1.2032e+00 +1.1398e+00 -8.4593e-02 +1.7761e+00 +1.2498e-02 +1.1700e+00
1563 0 +3.742882247e+03 +3.719592247e+03 +3.719592247e+03 +6.7136e-01 +3.2434e-01 -2.6258e-01 -1.5578e+00 +1.0437e+00 -1.6623e+00 -2.0904e+00 +2.2675e-02 +1.3523e+00 -5.8760e-01 +6.2395e-02 +3.8356e-01 +9.3703e-02 +6.4023e-01 -1.2032e+00 +1.1398e+00 -2.6952e-02 +1.7761e+00 +1.2498e-02 +1.1700e+00
% f evaluations | g evaluations | best noise-free fitness - Fopt (-1.028000000000e+01) + sum g_i+ | measured fitness | best measured fitness or single-digit g-values | x1 | x2...
1 0 +8.786167367e+04 +8.785139367e+04 +8.785139367e+04 +1.2156e+00 -1.0229e-01 -1.1006e+00 +3.1146e+00 +8.3187e-01 -2.6016e+00 +7.2904e-02 -3.3789e+00 +5.7335e-01 +1.4878e+00 -1.5190e+00 -2.5718e-01 -1.5021e+00 -3.4609e+00 +2.0349e+00 -2.0795e+00 +3.0339e+00 +3.6729e-01 -2.9114e+00 +1.9456e+00
4 0 +5.368012999e+04 +5.366984999e+04 +5.366984999e+04 -1.2122e+00 +2.2640e+00 -3.4921e+00 -1.3118e+00 -1.0519e-01 -3.3447e-01 -3.9140e-02 +7.1552e-01 +4.1351e-01 +8.5038e-01 -2.4572e-01 +2.9279e-01 -8.9465e-01 -6.5681e-01 -2.5252e+00 -9.4545e-01 +7.3751e-02 -2.2898e+00 -9.1642e-01 +2.6325e-02
6 0 +3.520780500e+04 +3.519752500e+04 +3.519752500e+04 -4.9501e-02 +2.6006e+00 -2.9073e+00 +2.3876e-01 -3.4620e-01 -1.6802e+00 +1.7175e-03 +2.3664e+00 -1.6109e+00 +9.9706e-03 -1.8976e+00 +3.3355e-01 +1.1136e+00 +4.1443e-01 +1.4198e+00 +1.7488e+00 -1.1116e+00 +2.1405e-01 +6.0410e-01 +1.0653e+00
15 0 +2.551519362e+04 +2.550491362e+04 +2.550491362e+04 -2.4602e+00 +4.6595e+00 -1.5719e+00 -2.5937e+00 -1.8108e-01 +1.4247e+00 -3.1186e+00 -1.2646e-01 +3.1423e+00 +2.7081e+00 -1.2777e+00 -1.1766e+00 -2.8587e+00 -2.2714e+00 +2.6496e+00 +2.6185e+00 +2.2586e+00 -1.9089e+00 +3.0002e+00 +1.5575e+00
52 0 +1.651492283e+04 +1.650464283e+04 +1.650464283e+04 +1.4038e+00 -1.4401e+00 -2.3780e+00 +1.5948e+00 +2.6249e+00 -3.8067e+00 +1.6704e+00 -1.9920e+00 +1.1638e+00 -1.2565e+00 -6.5752e-01 +2.2280e-01 -2.3147e+00 -1.0977e+00 +3.1577e+00 +5.9435e-01 +7.1623e-01 +7.3476e-01 +4.0980e-01 +5.5784e-01
54 0 +8.181504742e+03 +8.171224742e+03 +8.171224742e+03 -1.5213e+00 +3.1143e+00 -2.4931e+00 -1.9863e+00 -1.3366e-01 +2.1313e-01 -1.0749e+00 +6.9805e-01 +1.6702e+00 +1.4042e+00 -1.0113e+00 -7.4380e-01 -2.0910e+00 -1.1040e+00 -1.3053e-01 +7.4999e-01 +1.3896e+00 -1.9651e+00 +6.5656e-01 +6.4390e-01
% f evaluations | g evaluations | best noise-free fitness - Fopt (1.799700000000e+02) + sum g_i+ | measured fitness | best measured fitness or single-digit g-values | x1 | x2...
1 0 +8.435163322e+04 +8.453160322e+04 +8.453160322e+04 -2.5363e+00 -2.7556e+00 -3.2215e+00 -1.6308e+00 -2.0767e+00 +3.1231e+00 +1.1102e+00 +1.3292e+00 -1.3984e+00 -3.1884e+00 +2.1596e+00 -4.4378e+00 +1.3375e+00 -3.2379e+00 -4.9793e-01 +2.0331e-02 +1.4828e+00 +1.4764e+00 +1.8434e+00 -6.6352e-01
2 0 +4.444063671e+04 +4.462060671e+04 +4.462060671e+04 -4.0997e+00 +4.6850e+00 -1.5368e+00 -1.6326e+00 +2.2645e+00 -7.1370e-01 -1.2396e+00 -1.7711e+00 +2.3496e+00 +2.3715e+00 -6.8780e-01 +2.1916e-01 -4.1363e-01 +1.4867e+00 -1.2875e-01 -1.2925e+00 +2.6211e+00 +1.7319e+00 +2.8091e+00 +1.7404e+00
3 0 +2.909587524e+04 +2.927584524e+04 +2.927584524e+04 -3.8937e+00 +4.5765e+00 -2.2793e-01 -1.1737e+00 +9.7557e-01 -2.7747e+00 -1.5182e+00 +4.1860e-01 +1.0074e-01 +5.2061e-01 +5.0827e-01 -7.0471e-01 -1.1863e+00 +2.7335e+00 -1.9403e+00 +1.8778e-01 +1.3360e+00 +2.2265e+00 +2.7102e+00 -2.9072e-01
58 0 +1.303668517e+04 +1.321665517e+04 +1.321665517e+04 -7.8579e-01 +3.9525e+00 -1.1831e-01 -2.8669e-01 +1.7968e+00 -3.1888e+00 -8.1452e-01 -1.4633e+00 +5.6419e-01 -1.2610e+00 +1.0715e+00 +7.5948e-01 -1.9571e+00 +4.6572e-01 -1.2867e+00 -2.1945e-01 +6.4116e-01 +3.9127e-01 +1.7320e+00 -7.5301e-01
211 0 +1.178151705e+04 +1.196148705e+04 +1.196148705e+04 -7.8579e-01 +3.9525e+00 -1.1831e-01 -2.8669e-01 +1.7968e+00 -3.1888e+00 -5.4094e-02 -1.4633e+00 +5.6419e-01 -1.2610e+00 +1.0715e+00 +7.5948e-01 -1.9571e+00 +4.6572e-01 -1.2867e+00 -2.1945e-01 +6.4116e-01 +3.9127e-01 +1.7320e+00 -7.5301e-01
% f evaluations | g evaluations | best noise-free fitness - Fopt (8.376000000000e+01) + sum g_i+ | measured fitness | best measured fitness or single-digit g-values | x1 | x2...
1 0 +1.078671841e+05 +1.079509441e+05 +1.079509441e+05 +4.7009e+00 -3.7339e+00 +1.6242e+00 +1.0606e-01 +2.1515e+00 +1.1501e+00 +6.3576e-01 -3.2034e-01 -1.8424e+00 -1.1977e+00 -4.1801e+00 +1.0321e+00 +2.9768e+00 +5.0266e-01 -8.3273e-01 -1.5173e+00 +3.0760e+00 -8.3494e-01 +3.2367e+00 -1.3360e+00
2 0 +4.408932874e+04 +4.417308874e+04 +4.417308874e+04 -5.1142e-01 +2.4490e+00 +1.3198e+00 -3.7387e-01 +1.6889e+00 -1.4032e+00 -1.6099e+00 -1.3730e+00 -1.6226e+00 +6.1880e-01 -1.0989e+00 -3.0105e+00 +1.1981e+00 -1.4828e+00 -1.2188e+00 +1.3647e-01 -1.4499e-01 -1.7118e+00 +1.0787e+00 +9.7273e-01
9 0 +3.006835157e+04 +3.015211157e+04 +3.015211157e+04 +6.2386e-01 +3.1322e+00 +1.2847e+00 +2.6442e+00 +1.3490e+00 -2.4438e+00 -2.5550e+00 -3.5635e-01 -2.0311e+00 +1.1323e+00 -2.4318e+00 -3.4099e+00 +1.2083e+00 -7.3313e-01 -3.3557e-01 -6.5923e-01 +7.4992e-01 -2.4562e+00 -3.7178e-01 +7.0562e-01
105 0 +2.770710999e+04 +2.779086999e+04 +2.779086999e+04 +2.6067e-01 +1.3571e+00 +1.1126e+00 -8.0454e-02 +9.1905e-01 -1.6621e+00 -1.0874e+00 -2.3196e-01 -1.7802e+00 -6.1639e-01 -1.8431e-01 -1.2192e+00 +2.2108e+00 -1.6633e+00 -1.8213e+00 -1.4723e-01 -3.2066e-01 -9.3728e-02 +9.1887e-02 +6.8579e-01
256 0 +2.137421354e+04 +2.145797354e+04 +2.145797354e+04 +5.9623e-01 -8.4534e-01 +1.4122e+00 +8.2665e-01 +4.0886e-01 +2.0557e+00 -1.9339e-01 +6.6430e-01 +2.3458e-01 +6.0290e-01 -3.9015e-01 -3.1460e-01 +1.2426e+00 -9.0493e-01 +4.3061e-01 +4.9020e-01 +2.8821e+00 -1.7309e-01 +1.0094e+00 -2.0355e+00
257 0 +1.518530567e+04 +1.526906567e+04 +1.526906567e+04 +5.5923e-01 +2.5091e+00 +1.0113e+00 -2.4436e+00 -1.9974e+00 +7.4907e-01 -2.3773e+00 -2.7073e+00 -8.0576e-01 +2.3831e+00 +1.7996e+00 -1.3210e+00 +1.8509e+00 +9.0227e-01 -5.3143e-01 -1.8421e+00 +1.9595e+00 -4.6688e-01 -9.5638e-01 -3.3727e+00
556 0 +1.379613458e+04 +1.387989458e+04 +1.387989458e+04 +2.1638e+00 +7.0203e-01 +1.1754e+00 -2.0579e+00 -8.2926e-01 +6.6282e-01 -1.6099e+00 -2.4037e+00 -1.4020e+00 +1.3200e+00 -2.5853e-01 -5.9205e-01 +2.4018e+00 +1.0819e+00 -8.2704e-01 -2.1482e+00 +2.2228e+00 -5.3131e-01 +3.1059e-01 -2.8282e+00
% f evaluations | g evaluations | best noise-free fitness - Fopt (-3.890100000000e+02) + sum g_i+ | measured fitness | best measured fitness or single-digit g-values | x1 | x2...
1 0 +8.419738346e+04 +8.380837346e+04 +8.380837346e+04 +1.8159e+00 -6.4465e-01 -4.9705e+00 -2.7162e+00 +3.0609e+00 -3.8321e+00 -1.4861e+00 -2.0605e+00 -2.1099e+00 -2.1678e+00 +1.1599e-01 +4.1783e+00 +6.0915e-01 -2.0038e+00 -2.5221e+00 +1.9371e+00 -1.6760e+00 -2.2028e+00 -2.4295e+00 -6.1860e-02
4 0 +7.891162199e+04 +7.852261199e+04 +7.852261199e+04 -1.0551e+00 -1.8470e+00 -8.5720e-01 +7.6272e-01 -1.0172e+00 -8.5810e-01 -4.2734e-01 +3.7120e+00 -1.7424e+00 +7.6078e-01 -2.4283e+00 +1.9403e+00 +2.1340e+00 +8.4612e-01 -2.7253e+00 +5.9892e-01 +5.4515e-01 -1.5291e+00 -5.1613e-01 -4.2603e+00
5 0 +2.922047930e+04 +2.883146930e+04 +2.883146930e+04 +3.3078e+00 +2.4560e+00 +1.6385e+00 -6.2676e-01 +1.7959e+00 -1.6449e+00 -2.2296e+00 +3.8401e-01 -3.5952e+00 -7.3211e-01 -1.9617e+00 +3.8062e+00 -5.2520e-01 +1.7848e+00 +8.5137e-01 +1.4208e+00 +2.2740e+00 +3.1966e+00 -5.2815e-01 -2.4675e+00
655 0 +2.559406167e+04 +2.520505167e+04 +2.520505167e+04 +1.2785e+00 -2.0369e+00 -1.8240e+00 -1.2068e+00 +1.5781e+00 -4.1996e-01 -9.8374e-01 +1.9858e-01 +2.5635e-01 +1.3110e+00 -7.6517e-01 -6.5077e-01 +1.1231e+00 -2.2727e+00 -1.1378e-01 -1.1580e-01 -1.1414e+00 +3.3306e-01 -8.9372e-01 -3.6696e-01
1062 0 +2.025553286e+04 +1.986652286e+04 +1.986652286e+04 +2.4063e-01 -1.3288e+00 -2.1524e+00 -6.0043e-01 +2.0590e+00 -2.8084e+00 -5.8308e-01 -1.3094e-01 +4.2494e-01 +3.6975e-01 -1.4024e+00 +1.1173e+00 +2.9869e-01 -1.0699e+00 -4.9515e-01 -7.2730e-01 -4.2659e-01 +3.5507e-01 -1.4680e+00 +8.3533e-02
1112 0 +1.969761595e+04 +1.930860595e+04 +1.930860595e+04 +2.4063e-01 -1.3288e+00 -2.1524e+00 -6.0043e-01 +5.4517e-01 -2.8084e+00 -5.8308e-01 -1.3094e-01 +4.2494e-01 +3.6975e-01 -1.4024e+00 +1.1173e+00 +2.9869e-01 -1.0699e+00 -4.9515e-01 -7.2730e-01 -4.2659e-01 +3.5507e-01 -1.4680e+00 +8.3533e-02
% f evaluations | g evaluations | best noise-free fitness - Fopt (-1.455800000000e+02) + sum g_i+ | measured fitness | best measured fitness or single-digit g-values | x1 | x2...
1 0 +1.155340233e+05 +1.153884433e+05 +1.153884433e+05 -4.4089e+00 +3.1949e+00 -7.7047e-01 +8.0915e-01 +8.5712e-01 +3.6502e+00 -4.4430e+00 +9.2944e-01 -1.1442e+00 -3.0245e-02 +1.1251e+00 -3.1089e+00 +9.0250e-01 -1.4553e+00 +1.2341e+00 +5.2829e-01 +2.9003e+00 -3.0697e+00 -1.1909e+00 +1.1768e+00
4 0 +2.784138145e+04 +2.769580145e+04 +2.769580145e+04 -3.0080e+00 +5.0708e-01 -1.2971e+00 +1.5358e+00 +7.1194e-01 +3.2956e+00 -8.3368e-01 +1.8780e+00 +6.1866e-02 +1.7360e+00 -1.3959e+00 -9.1948e-01 -4.3634e-01 -1.3399e-01 -1.2389e+00 +9.9986e-02 +1.2791e+00 -1.7895e+00 +9.5635e-01 +9.0553e-01
5 0 +2.534601625e+04 +2.520043625e+04 +2.520043625e+04 -2.4364e+00 -5.8958e-01 -1.5120e+00 +1.8323e+00 +6.5270e-01 +3.1510e+00 +6.3895e-01 +2.2651e+00 +5.5397e-01 +2.4567e+00 -2.4245e+00 -2.6148e-02 -9.8260e-01 +4.0514e-01 -2.2479e+00 -7.4767e-02 +6.1764e-01 -1.2672e+00 +1.8325e+00 +7.9484e-01
152 0 +2.426634149e+04 +2.412076149e+04 +2.412076149e+04 -3.2127e-01 -3.2129e-01 -1.4283e+00 +2.1764e+00 +4.5468e-01 +1.5506e+00 +1.3730e+00 +3.2138e+00 +1.2608e+00 +2.4604e+00 -2.9281e+00 -4.7292e-01 -2.0690e+00 -5.4507e-01 -2.5925e+00 -4.6641e-01 -7.1307e-01 -1.8078e-01 +1.6046e+00 +1.1964e+00
258 0 +1.793597052e+04 +1.779039052e+04 +1.779039052e+04 -1.3303e+00 +3.8577e-01 -1.2495e+00 +1.8666e+00 +5.1350e-01 +2.0519e+00 +9.5865e-02 +2.6513e+00 +6.4902e-01 +1.8676e+00 -1.9787e+00 -1.0718e+00 -1.3653e+00 -6.1696e-01 -1.6964e+00 -2.5961e-01 +1.8558e-01 -9.0868e-01 +1.0302e+00 +1.1199e+00
362 0 +1.724056396e+04 +1.709498396e+04 +1.709498396e+04 -1.3303e+00 +3.8577e-01 -1.2495e+00 +1.8666e+00 +5.1350e-01 +2.0519e+00 +9.5865e-02 +2.6513e+00 +3.8932e-02 +1.8676e+00 -1.9787e+00 -1.0718e+00 -1.3653e+00 -6.1696e-01 -1.6964e+00 -2.5961e-01 +1.8558e-01 -9.0868e-01 +1.0302e+00 +1.1199e+00
