% f evaluations | g evaluations | best noise-free fitness - Fopt (-6.211100000000e+02) + sum g_i+ | measured fitness | best measured fitness or single-digit g-values | x1 | x2...
1 0 +7.549404483e+08 +7.549398272e+08 +7.549398272e+08 +2.9980e+00 -2.1448e+00 -7.9328e-01 -6.5660e-01 +5.3841e-01 +1.1886e+00 -6.0120e-01 +3.5905e-01 -8.8932e-02 -3.2441e+00 -2.5890e+00 +1.4508e+00 +1.1892e+00 +1.5872e+00 -6.4020e-01 +3.3524e+00 +3.5465e+00 -3.3073e-01 +2.5058e+00 -1.8924e+00
4 0 +1.393096656e+08 +1.393090445e+08 +1.393090445e+08 -2.1038e+00 +7.6142e-01 -2.8116e-01 -8.7692e-01 +9.3818e-01 -2.8039e+00 +1.1005e+00 -1.1700e+00 +1.6079e+00 -9.8756e-01 +7.9985e-01 +1.9021e-01 -1.5128e+00 +3.3348e+00 +2.3603e+00 -2.6550e-01 +3.6831e-01 +3.8066e+00 +1.1398e+00 -1.5386e+00
50 0 +1.056177673e+08 +1.056171461e+08 +1.056171461e+08 -4.3717e+00 +1.4669e+00 -4.9482e-01 -2.1892e+00 -1.0206e+00 -2.9469e+00 +2.5427e+00 -5.8992e-02 +3.6114e+00 +7.8485e-01 +1.2315e+00 -1.2938e+00 -1.7747e+00 +4.0334e+00 +1.8240e+00 -1.6831e+00 +1.9046e+00 +3.3987e+00 +2.6798e-01 -1.0912e+00
% f evaluations | g evaluations | best noise-free fitness - Fopt (-2.548200000000e+02) + sum g_i+ | measured fitness | best measured fitness or single-digit g-values | x1 | x2...
1 0 +1.184243294e+10 +1.184243268e+10 +1.184243268e+10 -1.2721e+00 +1.2233e-01 -4.9432e+00 -8.0736e-02 +4.8057e+00 -4.6192e+00 +1.4027e+00 -4.8185e+00 +1.8905e+00 -1.8611e-01 +4.3428e+00 -1.3047e+00 +3.2980e+00 +1.6142e+00 -1.9908e+00 -7.3165e-01 -1.8774e+00 -1.1309e+00 -2.1060e-01 +1.2568e-01
2 0 +7.049759019e+09 +7.049758764e+09 +7.049758764e+09 -3.3169e+00 +5.4346e-03 +1.9082e+00 +6.1809e-01 +2.9050e+00 -2.4789e+00 -2.0286e+00 -2.3028e+00 -2.5109e+00 +1.8727e+00 +2.6010e+00 +1.1490e+00 +4.3604e+00 +3.8928e+00 +1.4436e+00 -9.4845e-01 -1.4441e-01 +8.8456e-01 -3.3717e+00 +9.0801e-01
3 0 +4.440969830e+09 +4.440969575e+09 +4.440969575e+09 -1.6122e-01 +1.6209e+00 +3.4977e+00 -4.5605e-02 +7.6487e-01 -1.9042e+00 -6.9643e-01 +1.3070e-01 +1.6203e+00 +2.7368e+00 +2.7968e+00 +3.8172e-01 +2.7110e+00 +2.3139e+00 +2.8730e+00 -2.3316e+00 +2.2515e+00 +3.4696e+00 -1.3938e+00 +1.0701e+00
4 0 +6.809100954e+08 +6.809098406e+08 +6.809098406e+08 +1.8218e+00 +2.1313e+00 +3.7063e+00 -1.4104e+00 +1.1720e+00 +2.7920e-01 -9.7496e-01 -1.0291e-01 +9.5760e-01 +2.2311e+00 +1.5214e+00 +4.3420e-01 +4.6078e-01 +1.8273e+00 +1.9737e+00 -1.2197e+00 +2.1407e+00 +1.8413e+00 -1.6222e+00 +1.1925e+00
5 0 +2.862325730e+08 +2.862323182e+08 +2.862323182e+08 +3.1217e+00 +2.2127e+00 +3.4470e+00 -2.7803e+00 +2.3174e+00 +2.6243e+00 -1.7170e+00 -1.1399e+00 -1.1109e+00 +1.3737e+00 -1.6028e-02 +7.3667e-01 -1.6229e+00 +1.7618e+00 +4.8289e-01 +5.0268e-01 +1.2576e+00 -8.5717e-01 -2.5096e+00 +1.2831e+00
102 0 +2.751578945e+08 +2.751576397e+08 +2.751576397e+08 +2.8561e+00 +2.1464e+00 +3.4367e+00 -2.5825e+00 +2.1870e+00 +2.2765e+00 -1.6055e+00 -1.0406e+00 -8.9225e-01 +1.4741e+00 +2.0095e-01 +7.2820e-01 -1.2954e+00 +1.7863e+00 +6.2993e-01 +2.7652e-01 +1.3412e+00 -5.3376e-01 -2.3937e+00 +1.2711e+00
% f evaluations | g evaluations | best noise-free fitness - Fopt (5.661000000000e+01) + sum g_i+ | measured fitness | best measured fitness or single-digit g-values | x1 | x2...
1 0 +1.416122188e+09 +1.416122244e+09 +1.416122244e+09 +4.9761e+00 +4.1289e+00 -4.1023e-01 +1.6305e+00 +9.3195e-01 -3.5983e+00 -5.9463e-01 -2.7328e+00 +1.0429e+00 +1.0038e+00 +2.6046e+00 +6.2417e-01 +1.2186e+00 -3.1389e+00 -6.1979e-01 +1.0098e+00 -8.0901e-01 -5.0805e-03 +2.6421e+00 -3.8310e+00
4 0 +7.276169381e+08 +7.276169947e+08 +7.276169947e+08 +5.3466e-01 +9.4026e-01 +3.1252e+00 +8.4636e-01 -5.6481e-01 -1.9622e+00 -4.1503e+00 -9.9526e-01 -2.2957e+00 -1.3255e+00 +1.6015e+00 +3.6033e+00 -8.6250e-01 +1.1373e+00 +2.3861e+00 -1.3808e+00 -2.1062e+00 -1.8135e+00 +3.2253e-01 +1.6759e+00
6 0 +6.059935879e+08 +6.059936445e+08 +6.059936445e+08 -1.5813e+00 +5.4938e-01 +2.7342e-01 -3.2945e+00 +2.0686e+00 +2.9409e+00 -7.9763e-01 -2.1156e-01 -1.3135e+00 +3.5217e+00 +1.8261e+00 +1.8360e+00 +1.8035e-01 +1.8949e+00 -9.3097e-02 -2.4139e-02 -1.3637e+00 -3.3441e+00 +1.1044e+00 +3.7863e+00
22 0 +5.069754492e+08 +5.069755058e+08 +5.069755058e+08 -3.0706e+00 +9.3833e-03 -2.0764e+00 -1.7954e+00 +1.9337e+00 -2.8106e+00 +2.8836e+00 -3.8605e+00 +1.3224e+00 +8.9586e-01 -2.3557e+00 +3.3015e+00 +2.6438e-01 +2.5740e+00 +8.4718e-01 -3.3203e+00 -1.5611e+00 +9.3171e-01 -3.3845e+00 -2.6950e+00
23 0 +3.430404471e+08 +3.430405037e+08 +3.430405037e+08 -3.3501e+00 -1.5108e+00 -1.9158e+00 +1.3299e+00 -2.9491e+00 -3.9077e+00 -3.7279e+00 -3.9546e+00 -4.6639e+00 -9.8625e-01 -2.7693e-01 +2.5584e+00 -4.2443e+00 -1.4149e+00 +1.1997e+00 +1.1553e-01 -2.1900e+00 -1.6435e+00 +4.3535e+00 -1.2120e-01
41 0 +2.630070758e+08 +2.630071324e+08 +2.630071324e+08 -3.5286e+00 -1.2733e+00 -8.3277e-01 +1.2987e-01 +6.4495e-02 -2.1026e+00 +1.4413e+00 +4.9254e+00 +1.8787e+00 +1.4534e+00 +2.0622e-01 -1.3908e+00 +8.5367e-03 +4.3021e+00 -3.7656e+00 +4.6416e+00 -1.3134e+00 -2.9360e-01 +2.8975e+00 -2.7444e+00
652 0 +2.340496890e+08 +2.340497456e+08 +2.340497456e+08 -2.5479e+00 -4.9963e-01 +9.8453e-01 -6.4396e-01 +1.3944e+00 -2.8475e+00 +1.5214e+00 +3.9354e-01 -1.2705e+00 +7.8478e-01 +7.3921e-01 -1.4225e+00 +1.2561e+00 +4.8162e-01 -3.1696e-01 +2.5606e-01 -9.2787e-02 -8.7065e-01 +1.4791e-01 -7.1797e-02
709 0 +2.111399752e+08 +2.111400318e+08 +2.111400318e+08 -1.1797e+00 +3.6480e-01 +8.4083e-01 -3.0872e-01 +1.3373e+00 -2.9793e+00 +1.1394e+00 -3.5395e-01 -1.0029e+00 +7.7015e-01 +1.0986e+00 -1.0570e+00 +1.3219e+00 -3.4624e-01 -1.6055e-01 +3.2448e-01 -2.0491e-01 -7.0038e-01 +4.5743e-01 -6.9225e-01
808 0 +1.797420677e+08 +1.797421243e+08 +1.797421243e+08 -2.0778e+00 -3.5633e-01 -4.1454e-01 +1.8720e-01 +4.4556e-01 -2.4084e+00 +1.1080e+00 +2.9287e+00 +1.1333e+00 +1.2132e+00 +6.6976e-01 -1.0575e+00 +3.8957e-01 +2.4983e+00 -2.6415e+00 +3.3337e+00 -2.5646e-01 -3.7313e-01 +2.3388e+00 -9.9263e-01
907 0 +1.735869312e+08 +1.735869878e+08 +1.735869878e+08 -1.8153e+00 -2.0865e-01 -3.8624e-01 +2.1642e-01 +4.8330e-01 -2.4488e+00 +1.0469e+00 +2.6873e+00 +1.0805e+00 +1.1897e+00 +7.3201e-01 -9.8145e-01 +4.3008e-01 +2.2594e+00 -2.5189e+00 +3.2001e+00 -2.7808e-01 -3.6997e-01 +2.3090e+00 -1.0747e+00
958 0 +1.685493727e+08 +1.685494293e+08 +1.685494293e+08 -1.7529e+00 -1.5602e-01 -2.8635e-01 +1.7756e-01 +5.5761e-01 -2.4974e+00 +1.0535e+00 +2.4271e+00 +9.0781e-01 +1.1568e+00 +7.6448e-01 -9.8619e-01 +5.0388e-01 +2.0373e+00 -2.3254e+00 +2.9506e+00 -2.7364e-01 -4.0039e-01 +2.1566e+00 -1.0483e+00
% f evaluations | g evaluations | best noise-free fitness - Fopt (-1.810000000000e+01) + sum g_i+ | measured fitness | best measured fitness or single-digit g-values | x1 | x2...
1 0 +8.396201048e+08 +8.396200867e+08 +8.396200867e+08 +1.0105e+00 +8.8270e-02 +1.3514e+00 -2.4611e+00 -3.5330e+00 -3.3579e+00 -3.2465e+00 -1.3641e+00 +1.6409e+00 +1.5570e+00 -3.0524e+00 -1.1370e+00 +2.4819e+00 -1.3614e+00 -2.5562e-01 -1.4325e+00 -2.1775e+00 +2.6504e+00 -3.5435e+00 +4.5814e-01
2 0 +5.249305042e+08 +5.249304861e+08 +5.249304861e+08 +1.5256e+00 -2.2667e+00 +2.6079e+00 +1.7419e-01 -3.5911e+00 -2.5163e+00 -2.6743e+00 +1.1648e+00 +3.7311e+00 -2.0697e+00 +6.5237e-01 -1.7859e+00 -1.0248e+00 +2.1320e+00 -3.7677e-01 +2.8628e+00 +2.9308e+00 -1.8504e+00 -1.5488e+00 -3.2139e+00
3 0 +3.835546644e+08 +3.835546463e+08 +3.835546463e+08 +1.1815e+00 -6.9341e-01 +1.7685e+00 -1.5864e+00 -3.5523e+00 -3.0786e+00 -3.0566e+00 -5.2473e-01 +2.3347e+00 +3.5323e-01 -1.8227e+00 -1.3524e+00 +1.3180e+00 -2.0182e-01 -2.9583e-01 -6.7893e-03 -4.8190e-01 +1.1565e+00 -2.8814e+00 -7.6071e-01
13 0 +3.720444532e+08 +3.720444351e+08 +3.720444351e+08 +1.4697e+00 +1.5990e+00 +2.9248e+00 -1.9688e+00 +4.5604e-01 -3.6701e+00 -1.4775e+00 +3.9317e+00 +4.4534e+00 +2.0368e-01 -4.4294e+00 -1.5272e+00 -1.8140e+00 +1.4506e+00 -8.8769e-01 -2.9686e+00 -3.1054e+00 -7.3963e-01 -2.8244e+00 +4.9240e-01
59 0 +3.677875985e+08 +3.677875804e+08 +3.677875804e+08 +1.2484e+00 -9.0441e-01 +1.6422e+00 -1.1960e+00 -3.3346e+00 -2.7720e+00 -3.1406e+00 -2.1578e-01 +1.9001e+00 +5.0370e-01 -1.5506e+00 -1.5331e+00 +1.1123e+00 -8.2504e-03 -2.4035e-02 -1.8339e-03 -7.3774e-01 +8.4894e-01 -2.7265e+00 -1.0078e+00
156 0 +3.597429745e+08 +3.597429564e+08 +3.597429564e+08 +3.4409e-01 -3.1543e-01 +1.7753e+00 -2.2048e+00 +1.6709e+00 -1.1551e+00 -6.3067e-01 +3.3706e+00 +2.4262e+00 +9.5579e-01 -1.9169e+00 -5.8754e-01 -2.0725e+00 -4.3559e-01 +1.0352e-01 -2.0378e+00 -6.5625e-01 -7.2703e-01 -1.8035e+00 -2.8925e-01
207 0 +3.534490386e+08 +3.534490205e+08 +3.534490205e+08 +1.2680e-01 -6.2905e-01 +1.5241e+00 -2.3279e+00 +8.6694e-01 -9.8809e-01 -8.2425e-01 +2.4996e+00 +1.8216e+00 +1.2017e+00 -1.5464e+00 -5.2064e-01 -1.5040e+00 -9.7254e-01 +2.1895e-01 -1.7730e+00 -3.5255e-01 -1.7435e-01 -1.7987e+00 -3.7690e-01
362 0 +3.367888886e+08 +3.367888705e+08 +3.367888705e+08 +1.2680e-01 -6.2905e-01 +1.5241e+00 -2.3279e+00 +8.6694e-01 -9.8809e-01 -8.2425e-01 +2.0282e+00 +1.8216e+00 +1.2017e+00 -1.5464e+00 -5.2064e-01 -1.5040e+00 -9.7254e-01 +2.1895e-01 -1.7730e+00 -3.5255e-01 -1.7435e-01 -1.7987e+00 -3.7690e-01
604 0 +2.942928425e+08 +2.942928244e+08 +2.942928244e+08 +3.1662e+00 +8.7382e-01 -7.3224e-01 -2.7296e+00 -2.2200e+00 -1.4947e+00 +4.3050e-01 +1.2600e+00 -3.5664e-01 +1.3469e+00 -1.3567e+00 +3.8553e-01 +4.8556e-01 -7.6775e-01 +1.4895e-01 +1.8380e+00 -1.2243e+00 +6.5501e-01 -2.9622e+00 -1.4764e+00
% f evaluations | g evaluations | best noise-free fitness - Fopt (3.777000000000e+01) + sum g_i+ | measured fitness | best measured fitness or single-digit g-values | x1 | x2...
1 0 +1.131363302e+09 +1.131363339e+09 +1.131363339e+09 -4.7197e+00 -2.2672e+00 +3.7321e+00 +1.6420e+00 +2.7583e+00 +3.5168e+00 +3.8943e+00 -3.8395e-01 +3.1104e+00 -2.5592e+00 -1.6763e+00 +1.4909e-01 +9.9158e-02 -3.9181e-01 -1.6776e+00 +1.4078e+00 +2.4053e+00 +4.1779e+00 -1.8525e+00 -2.1240e-01
3 0 +1.982082820e+08 +1.982083198e+08 +1.982083198e+08 +1.7265e+00 -3.9735e+00 +7.2595e-02 -5.9164e-01 -4.6543e-01 -2.3549e+00 -2.1875e+00 -4.5438e+00 -3.8898e-01 -1.6649e+00 +3.0673e+00 -1.2690e+00 -1.3653e+00 -2.9717e+00 -2.8775e+00 +1.1762e+00 +4.0306e-02 +2.2271e-01 +2.7274e+00 +3.5777e-01
4 0 +1.248545537e+08 +1.248545915e+08 +1.248545915e+08 -5.5484e-01 -2.6786e+00 -8.0605e-01 -1.3805e+00 -6.5613e-01 -3.7821e+00 -6.8735e-01 -2.6341e+00 -1.5829e+00 -1.8889e+00 +1.2947e+00 +3.4782e-01 -6.6815e-01 -2.4386e+00 -3.1566e+00 +6.5448e-01 -6.7293e-01 -7.4496e-01 +2.2654e+00 -1.3704e+00
5 0 +1.205656492e+08 +1.205656870e+08 +1.205656870e+08 -1.6026e+00 -1.9026e+00 -1.0224e+00 -1.7584e+00 -1.8608e-01 -4.0381e+00 -6.4115e-02 -1.6466e+00 -2.2394e+00 -1.4023e+00 +6.0165e-02 +1.4668e+00 -5.4552e-01 -1.9277e+00 -2.6976e+00 -1.2384e-01 -8.6075e-01 -9.3854e-01 +1.8280e+00 -2.4105e+00
557 0 +1.201521638e+08 +1.201522016e+08 +1.201522016e+08 -6.4637e-01 -1.8186e+00 -8.4220e-01 -1.7651e+00 +2.7515e+00 +2.0720e-02 -6.6735e-02 +2.0499e-01 -1.1796e+00 +2.3066e-01 -1.1389e+00 -6.1344e-01 -2.4826e+00 +1.1855e+00 +1.2557e-01 +9.7909e-01 -6.6130e-01 -2.4749e-01 -8.6731e-01 +2.1179e-01
1313 0 +1.163534573e+08 +1.163534951e+08 +1.163534951e+08 -2.4253e+00 -1.6735e-01 +4.8041e-01 +3.1433e-01 +9.5662e-01 +6.3463e-01 -9.0932e-02 -1.2254e+00 -1.8792e-02 +2.5397e-01 +1.6856e-01 -1.2264e+00 +4.7380e-01 -1.1267e-01 -2.1919e+00 +2.2281e+00 +1.6596e+00 -8.2110e-01 -2.8367e-01 -2.2346e-01
1460 0 +1.089795898e+08 +1.089796276e+08 +1.089796276e+08 -2.4253e+00 -1.6735e-01 +4.8041e-01 +3.1433e-01 +9.5662e-01 +6.3463e-01 -9.0932e-02 -1.2254e+00 -1.8792e-02 +2.5397e-01 +1.6856e-01 -1.2264e+00 +4.7380e-01 -1.1267e-01 -2.1919e+00 +2.2281e+00 +1.2305e+00 -8.2110e-01 -2.8367e-01 -2.2346e-01
1563 0 +1.039691425e+08 +1.039691803e+08 +1.039691803e+08 -2.4253e+00 -1.6735e-01 +4.8041e-01 +3.1433e-01 +7.3910e-01 +6.3463e-01 -9.0932e-02 -1.2254e+00 -1.8792e-02 +2.5397e-01 +1.6856e-01 -1.2264e+00 +4.7380e-01 -1.1267e-01 -2.1919e+00 +2.2281e+00 +5.5162e-01 -8.2110e-01 -2.8367e-01 -2.2346e-01
% f evaluations | g evaluations | best noise-free fitness - Fopt (-6.325500000000e+02) + sum g_i+ | measured fitness | best measured fitness or single-digit g-values | x1 | x2...
1 0 +1.028013320e+09 +1.028012687e+09 +1.028012687e+09 +1.4920e+00 +6.1632e-01 -7.9987e-01 -2.5213e+00 -1.0600e+00 +2.2695e+00 -1.0071e+00 -2.9160e+00 +4.0135e+00 -1.9087e+00 +2.0135e+00 -6.7613e-01 -1.1376e+00 -1.9479e+00 +7.4297e-01 -2.8728e+00 -1.1821e+00 -3.0862e-01 +4.5810e+00 +1.9074e-01
4 0 +2.993884094e+08 +2.993877768e+08 +2.993877768e+08 -1.6871e+00 -2.3094e+00 -4.2430e+00 +3.5268e+00 +2.6841e+00 -7.2462e-01 -1.1168e+00 +3.7895e+00 -6.9256e-01 -3.5531e+00 +3.7456e+00 -1.7302e+00 -3.2521e+00 -1.7931e+00 +3.0360e+00 +2.6945e+00 -8.7145e-01 +3.3591e-01 -5.1967e-01 -1.5477e+00
5 0 +1.714960822e+08 +1.714954497e+08 +1.714954497e+08 +1.1864e+00 -2.7130e+00 -2.9448e+00 +9.6795e-01 +2.1210e+00 +1.2241e+00 +3.1149e-01 +4.3560e+00 +7.2477e-01 -3.8177e+00 +1.9837e+00 -2.9684e+00 -2.9692e+00 -4.3263e-01 +2.0626e-02 -6.4609e-01 +2.2274e-01 -7.5114e-01 -1.9865e+00 -1.2800e+00
19 0 +1.295732063e+08 +1.295725737e+08 +1.295725737e+08 -8.3599e-01 -9.0921e-01 +2.8362e+00 -7.4249e-01 -2.5536e+00 -3.3266e-01 +3.4422e+00 -1.2986e+00 +1.9110e+00 -4.0913e+00 -4.6084e-01 -1.9174e+00 -1.7625e+00 -1.5753e+00 +2.2766e+00 -2.8273e-01 +2.3117e+00 +3.8156e+00 -3.7826e+00 +2.8197e+00
59 0 +1.259482159e+08 +1.259475834e+08 +1.259475834e+08 -8.2347e-01 -8.5238e-01 +2.8167e+00 -6.8757e-01 -2.5489e+00 -2.7198e-01 +3.4081e+00 -1.2490e+00 +1.9293e+00 -4.0589e+00 -5.1146e-01 -1.9207e+00 -1.7273e+00 -1.5118e+00 +2.2571e+00 -3.0332e-01 +2.2716e+00 +3.7559e+00 -3.7081e+00 +2.7480e+00
104 0 +1.126988778e+08 +1.126982452e+08 +1.126982452e+08 -6.1804e-01 -9.3940e-01 +2.5237e+00 -6.9963e-01 -2.3284e+00 -2.7471e-01 +3.1092e+00 -1.2681e+00 +1.8811e+00 -3.7519e+00 -5.8411e-01 -1.8646e+00 -1.5737e+00 -1.4755e+00 +2.3006e+00 -3.5227e-01 +2.0359e+00 +3.5425e+00 -3.4122e+00 +2.5983e+00
108 0 +7.935003261e+07 +7.934940006e+07 +7.934940006e+07 +1.5093e-01 -1.4797e+00 +4.5317e-01 -2.9795e-01 -7.3168e-01 +3.4426e-01 +1.8768e+00 +4.5117e-01 +1.6117e+00 -3.6041e+00 +4.3784e-01 -2.1390e+00 -1.9907e+00 -1.1887e+00 +1.4720e+00 -6.0723e-01 +1.2030e+00 +1.8680e+00 -2.4128e+00 +1.1733e+00
259 0 +7.704399865e+07 +7.704336610e+07 +7.704336610e+07 +2.2756e-01 -1.3599e+00 +3.8156e-01 -4.2500e-01 -7.5044e-01 +4.5427e-01 +1.7120e+00 +2.5876e-01 +1.7490e+00 -3.5072e+00 +5.2788e-01 -2.0554e+00 -1.9419e+00 -1.2321e+00 +1.4304e+00 -7.3669e-01 +1.0667e+00 +1.7436e+00 -2.0132e+00 +1.1172e+00
% f evaluations | g evaluations | best noise-free fitness - Fopt (-8.530000000000e+01) + sum g_i+ | measured fitness | best measured fitness or single-digit g-values | x1 | x2...
1 0 +4.369535622e+08 +4.369534769e+08 +4.369534769e+08 -6.5428e-01 -4.6201e+00 -2.1249e-01 -1.8422e+00 +1.4016e+00 -5.8682e-01 +2.7744e-01 -2.3849e+00 -2.6172e+00 -4.0378e+00 +2.1923e+00 -2.4970e+00 -1.7330e+00 -4.0744e+00 +1.4064e-01 -1.8761e+00 +5.4071e-01 -9.8728e-01 -1.0522e+00 -1.2973e+00
6 0 +3.622220591e+08 +3.622219738e+08 +3.622219738e+08 -1.9691e+00 +4.0293e+00 +1.8932e+00 -1.1788e+00 -1.2042e+00 -1.8717e+00 -1.1707e+00 +5.4908e-01 -1.3997e+00 +2.2666e+00 +9.7031e-02 +7.5400e-01 +2.4219e-01 +6.9993e-01 +2.8070e+00 -8.3328e-01 +8.1834e-01 -4.2071e+00 +4.2396e+00 -2.2900e+00
35 0 +2.755596866e+08 +2.755596013e+08 +2.755596013e+08 -1.3605e+00 -4.2312e+00 -2.3130e+00 -2.8085e+00 +1.0576e+00 +3.8750e+00 +2.8163e+00 -9.7507e-01 +2.0057e+00 +2.3945e+00 -4.8484e+00 +3.6956e+00 +1.5177e+00 +1.0888e+00 -3.7225e+00 +3.9081e-02 +3.7307e+00 -4.6160e+00 -1.0730e+00 -2.4445e+00
159 0 +2.146425862e+08 +2.146425009e+08 +2.146425009e+08 -1.5998e+00 -3.0422e+00 -1.1653e+00 -1.8464e+00 +4.7556e-01 +3.5472e+00 +1.9482e+00 +2.5349e-02 +1.7481e+00 +2.6362e+00 -3.4896e+00 +3.5320e+00 +1.7915e+00 +7.9265e-01 -2.6519e+00 +7.0866e-01 +3.9619e+00 -4.0761e+00 -1.4767e+00 -1.3763e+00
% f evaluations | g evaluations | best noise-free fitness - Fopt (1.719500000000e+02) + sum g_i+ | measured fitness | best measured fitness or single-digit g-values | x1 | x2...
1 0 +1.343334501e+09 +1.343334672e+09 +1.343334672e+09 -2.6500e+00 -2.0983e+00 +1.2042e+00 -2.9697e+00 -3.2863e+00 +2.7629e-01 +4.9070e+00 -1.0130e+00 +5.6142e-01 +2.2622e+00 +4.0818e+00 -1.8399e+00 -1.7360e+00 +1.5324e+00 +2.4166e+00 +1.6736e+00 +1.3525e+00 +6.3945e-01 -1.8368e-01 -9.2203e-01
6 0 +1.148688162e+09 +1.148688334e+09 +1.148688334e+09 -6.9405e-01 +2.7097e+00 -6.8970e-01 -5.2008e-01 -2.6225e+00 +2.0063e+00 -4.3197e+00 +1.4300e+00 -2.6841e+00 +3.6335e+00 -3.5321e+00 +2.3151e+00 -4.5216e+00 +7.5972e-01 -1.8389e+00 +3.6896e+00 -1.2230e+00 +3.5730e-01 +1.9921e+00 +1.7483e+00
9 0 +1.002527389e+09 +1.002527561e+09 +1.002527561e+09 -1.7419e+00 -1.2593e+00 +1.5165e+00 -1.3391e+00 -3.3461e+00 -5.7738e-01 +3.2584e+00 -1.9429e-01 +7.1387e-01 +1.7495e+00 +2.2063e+00 -6.8266e-01 -2.2614e+00 +1.9387e+00 +2.2959e+00 +7.4666e-01 +1.7441e+00 +1.5311e+00 -3.4135e-01 -7.6614e-01
23 0 +4.038033420e+08 +4.038035140e+08 +4.038035140e+08 +4.5861e+00 -2.2095e+00 +4.1534e+00 -9.6436e-01 -2.2000e+00 +1.3979e+00 -1.1759e+00 +1.8160e+00 +3.8524e+00 +1.1094e+00 +3.0291e+00 +8.7196e-01 +2.0952e-01 -3.5623e+00 +3.9602e+00 -4.6565e-01 +2.0842e+00 -2.4655e+00 -2.5414e+00 -3.9514e+00
29 0 +3.312137777e+08 +3.312139496e+08 +3.312139496e+08 -2.9478e+00 +3.4524e+00 -3.1761e-02 +2.8149e-01 +3.2136e+00 -9.8559e-01 -8.6407e-01 +7.1986e-01 -1.2116e+00 +2.3000e+00 -4.8109e-01 +4.0139e+00 -3.7580e+00 -3.5511e+00 +1.7312e+00 +3.4077e+00 +3.9969e+00 +4.7731e+00 -2.3862e+00 -4.0592e+00
% f evaluations | g evaluations | best noise-free fitness - Fopt (6.816000000000e+01) + sum g_i+ | measured fitness | best measured fitness or single-digit g-values | x1 | x2...
1 0 +2.216376700e+10 +2.216376707e+10 +2.216376707e+10 -2.6199e+00 +4.4931e+00 -7.9969e-01 -2.6498e+00 -2.7030e+00 +1.7712e+00 -2.6144e+00 -8.4135e-02 -3.3493e+00 +2.4314e+00 -2.5077e+00 -2.5240e+00 +1.3359e+00 +4.8068e+00 +3.1737e+00 +1.9428e-01 +1.1941e+00 -1.0760e+00 +1.6551e+00 +9.2364e-02
2 0 +5.480433462e+08 +5.480434143e+08 +5.480434143e+08 +8.6520e-01 +3.4991e+00 +1.0491e+00 +1.5415e+00 +7.9755e-01 +3.7511e+00 +4.2815e+00 +7.9209e-01 -3.9163e+00 +1.8132e+00 -2.8866e+00 +3.9987e+00 +2.8623e-03 -2.3387e+00 +7.7475e-01 +1.8008e+00 -2.0246e-03 +2.1106e+00 +5.0852e-01 -3.7780e+00
4 0 +2.361051726e+08 +2.361052408e+08 +2.361052408e+08 -1.0874e+00 +3.3989e-01 -5.5134e-01 +3.5960e-01 +2.2871e+00 +4.2615e+00 -3.3710e-01 -1.0301e+00 +2.2161e+00 -2.7342e+00 +2.4791e+00 +2.3972e-01 -1.0737e+00 -2.8281e+00 -1.0379e+00 +5.3708e-01 -2.0384e+00 -1.4578e+00 +1.4811e+00 +5.5913e-01
57 0 +1.960234279e+08 +1.960234960e+08 +1.960234960e+08 -6.6380e-01 +1.6981e+00 +6.0118e-01 +2.4009e+00 -2.7563e-02 +2.8740e+00 +2.6502e+00 +1.9776e+00 -2.6733e+00 -3.7208e-01 -2.6135e+00 +3.9737e+00 -6.9835e-03 -2.2848e+00 +1.8413e+00 +2.9290e-01 +2.1240e-01 +1.6534e+00 +5.3931e-01 -1.8815e+00
152 0 +1.904391979e+08 +1.904392660e+08 +1.904392660e+08 -6.8611e-01 +1.4876e+00 +3.3891e-01 +2.1045e+00 +2.4176e-02 +2.7456e+00 +2.1242e+00 +1.5170e+00 -1.8583e+00 -5.6213e-01 -1.9452e+00 +3.3674e+00 -8.1513e-02 -2.1620e+00 +1.2655e+00 +4.2587e-01 -8.6890e-02 +1.4385e+00 +7.1489e-01 -1.4933e+00
253 0 +1.795918043e+08 +1.795918724e+08 +1.795918724e+08 +5.3133e-01 +1.9924e+00 +3.4680e-01 +1.8754e-01 -1.1429e+00 +1.4588e+00 +1.3236e+00 +1.1442e+00 -2.2427e+00 +3.6203e-01 +2.3299e-01 +1.9596e+00 +2.6975e-01 -2.2635e+00 +1.3654e+00 +1.5441e+00 -2.5386e-02 +1.3450e+00 -1.3140e-01 +5.3179e-01
% f evaluations | g evaluations | best noise-free fitness - Fopt (1.000000000000e+03) + sum g_i+ | measured fitness | best measured fitness or single-digit g-values | x1 | x2...
1 0 +5.179923159e+08 +5.179933159e+08 +5.179933159e+08 +3.9727e+00 +4.2034e+00 -1.5935e+00 -1.1498e+00 -2.3604e+00 +1.4837e+00 +4.7748e+00 +2.1188e+00 +3.6550e+00 -2.6471e+00 +8.6955e-01 +1.7309e+00 +5.8437e-01 +4.5267e+00 -9.4368e-01 -1.4691e+00 -3.9393e-01 +1.9233e+00 +8.6035e-01 +2.0830e+00
2 0 +3.331281822e+08 +3.331291822e+08 +3.331291822e+08 +4.0314e+00 +3.3025e+00 +4.7709e+00 -1.5367e+00 -5.5097e-01 -1.5965e+00 +4.3381e+00 +1.2555e+00 -1.3439e+00 +4.4860e+00 +1.1388e+00 +2.9966e+00 +4.2017e+00 +4.2531e-01 +1.2438e+00 +1.6026e+00 +1.4847e+00 -2.5877e+00 +1.0982e+00 -2.7948e+00
9 0 +2.953685623e+08 +2.953695623e+08 +2.953695623e+08 +7.2135e-01 +1.5063e+00 -2.3411e+00 -1.4938e+00 -1.9723e-01 -5.7883e-01 +4.7680e+00 +1.0709e+00 -2.4677e+00 -2.8566e+00 -4.9025e+00 -2.8804e-01 +3.2952e+00 +4.7201e-01 +8.3147e-01 +3.5105e+00 +9.0117e-01 +3.6652e-01 -2.7602e-01 -7.7225e-01
21 0 +2.805855626e+08 +2.805865626e+08 +2.805865626e+08 -3.4817e+00 +3.7482e+00 +4.7588e+00 +3.7405e+00 -4.8161e+00 -4.1566e+00 +3.1691e+00 -4.5661e+00 -1.4099e+00 +4.7930e+00 +1.6915e+00 -1.7752e+00 +1.8476e+00 -4.2682e+00 +2.8844e+00 +1.0269e+00 +2.5554e+00 +2.9499e+00 +3.6265e+00 -4.2596e+00
56 0 +1.613617348e+08 +1.613627348e+08 +1.613627348e+08 +2.7145e+00 +3.6125e+00 +2.7766e+00 +1.4810e+00 -3.1048e+00 -2.0170e+00 -7.5620e-01 -2.7686e-02 +2.5634e+00 +4.6898e+00 +1.6911e+00 +3.5901e+00 +2.1615e+00 +1.7173e-01 +7.2899e-01 +3.1680e+00 +1.5149e+00 -1.0179e+00 +3.3415e+00 +1.3828e+00
% f evaluations | g evaluations | best noise-free fitness - Fopt (-6.837000000000e+01) + sum g_i+ | measured fitness | best measured fitness or single-digit g-values | x1 | x2...
1 0 +1.334646238e+09 +1.334646170e+09 +1.334646170e+09 -2.7929e+00 -6.8399e-01 +2.7376e+00 -1.2081e+00 +2.3544e+00 +3.3696e+00 +4.1981e+00 +4.2512e+00 -1.6729e+00 -4.5967e-01 +2.5859e+00 -7.3437e-01 -3.6650e-01 -4.8034e+00 -1.8861e-01 +8.0293e-01 -1.5670e-02 +7.4094e-01 -4.1929e-02 +1.4647e+00
7 0 +1.277760370e+09 +1.277760301e+09 +1.277760301e+09 -2.7030e+00 -7.7591e-01 +2.5482e+00 -1.3099e+00 +2.2557e+00 +3.2496e+00 +4.0353e+00 +4.0162e+00 -1.5609e+00 -2.8200e-01 +2.3673e+00 -8.6844e-01 -3.8284e-01 -4.6492e+00 -1.3640e-01 +8.6004e-01 -4.6801e-02 +8.8576e-01 -1.5047e-01 +1.5776e+00
11 0 +4.954557390e+08 +4.954556706e+08 +4.954556706e+08 +2.5963e+00 +3.7190e+00 +8.4401e-01 +1.6526e+00 -8.0402e-01 -1.7926e+00 +9.7378e-01 +1.2431e-01 +4.2221e+00 +4.6754e+00 -2.4108e+00 +3.5906e+00 +2.9308e+00 +4.9864e+00 +4.9675e+00 -3.8961e+00 -2.9739e+00 +3.6299e+00 +4.4681e+00 -4.0083e+00
37 0 +2.282386462e+08 +2.282385779e+08 +2.282385779e+08 +4.3383e+00 +3.1890e+00 -3.9463e+00 +1.4669e+00 +2.0507e+00 -1.1627e+00 +4.3740e+00 -2.9210e+00 +4.3180e+00 +1.3706e+00 +4.5451e+00 +2.8989e+00 +1.6461e+00 +4.0505e+00 +3.9289e+00 -2.7099e+00 -1.0025e+00 -1.5253e+00 -1.9084e+00 +1.2280e-01
% f evaluations | g evaluations | best noise-free fitness - Fopt (-5.548000000000e+01) + sum g_i+ | measured fitness | best measured fitness or single-digit g-values | x1 | x2...
1 0 +7.952096266e+08 +7.952095711e+08 +7.952095711e+08 -2.8734e+00 -4.9828e-02 +3.5994e+00 +7.1067e-01 -3.4426e-01 +8.3441e-02 -4.5481e+00 +7.2185e-01 -2.0559e+00 +3.6568e+00 -8.4868e-01 +1.8063e+00 -1.1831e+00 -1.2838e+00 +2.2367e+00 -1.4569e+00 +1.8613e+00 -2.2001e-01 -1.0719e+00 +1.6001e+00
5 0 +7.483816008e+08 +7.483815453e+08 +7.483815453e+08 -3.5732e+00 -4.1710e-02 +7.3604e-02 +3.2528e+00 -2.8132e-01 +6.9310e-01 -4.9813e-01 -1.8819e+00 +3.2416e+00 -9.6220e-01 -4.1394e+00 +2.1461e+00 -6.2666e-01 -2.8512e-01 -1.0705e+00 +1.3967e+00 +3.1293e+00 +1.3582e+00 -2.5144e+00 -1.4919e+00
8 0 +4.308032839e+08 +4.308032284e+08 +4.308032284e+08 -1.2606e+00 +1.9895e+00 +1.4697e+00 +4.3825e+00 -7.5536e-01 +1.3939e+00 +1.8439e+00 -1.5327e+00 -1.8537e+00 +3.3533e-01 +2.7589e+00 +2.1243e+00 -3.6215e+00 -2.1887e+00 +4.4443e-01 +2.3991e+00 +1.1902e+00 -3.8258e+00 -1.1657e+00 -1.3281e-01
12 0 +2.908569641e+08 +2.908569086e+08 +2.908569086e+08 -2.8127e+00 -2.5130e+00 +2.8137e+00 +2.8499e+00 -1.9753e+00 +4.1671e+00 +3.5129e+00 -1.5457e+00 -2.4827e+00 -5.2809e-01 +3.4670e-02 +2.9803e+00 +1.4744e+00 -2.6539e+00 -2.0402e+00 -4.3908e+00 +1.5306e+00 +2.0359e+00 -1.4996e+00 -4.8203e+00
15 0 +2.695602415e+08 +2.695601860e+08 +2.695601860e+08 +5.7688e-01 -7.2904e-01 +3.6090e+00 +2.6068e+00 -1.7796e+00 -1.2951e+00 -2.8314e+00 -3.0069e+00 +1.3826e+00 -1.3678e+00 +2.6155e+00 +3.1004e-01 +2.6782e+00 +2.5148e+00 -1.4016e+00 +7.0926e-01 +1.7502e+00 +4.3820e+00 +4.5614e+00 -4.8145e+00
21 0 +2.499115032e+08 +2.499114478e+08 +2.499114478e+08 -5.6208e-01 +4.0318e+00 +1.9414e+00 -1.7305e+00 +3.8445e+00 +1.0207e+00 +3.6230e+00 -1.6347e+00 +2.5446e+00 -2.0188e+00 -3.9758e+00 +2.9366e+00 -1.0278e-01 -3.2222e+00 +5.5881e-01 -3.3313e+00 +2.8012e+00 +1.0532e+00 -2.2757e+00 -3.9736e+00
108 0 +1.633732750e+08 +1.633732195e+08 +1.633732195e+08 +6.6098e-01 -9.9443e-01 +2.7411e+00 -8.4891e-01 +8.8895e-03 +3.5488e+00 +3.4774e+00 -1.7442e+00 -1.7842e+00 +2.6557e-01 +6.1380e-01 +3.0447e+00 -3.0233e-01 -9.0261e-01 +7.6741e-01 +1.5900e-01 +8.6526e-01 +3.1738e+00 -2.8165e+00 +1.0557e+00
109 0 +1.523781128e+08 +1.523780573e+08 +1.523780573e+08 -1.4949e+00 -1.9369e+00 +2.7862e+00 +1.4467e+00 -1.2226e+00 +3.9325e+00 +3.4994e+00 -1.6210e+00 -2.2177e+00 -2.2701e-01 +2.5437e-01 +3.0048e+00 +2.9472e-01 -1.9896e+00 -9.7512e-01 -2.6648e+00 +1.2782e+00 +2.4675e+00 -1.9992e+00 -2.5912e+00
153 0 +1.367413954e+08 +1.367413399e+08 +1.367413399e+08 +4.9123e-01 -4.0796e-01 +2.0538e+00 -7.0227e-01 +3.2638e-01 +3.3459e+00 +3.3321e+00 -1.4868e+00 -1.9334e+00 +3.0784e-01 +9.0067e-01 +2.1730e+00 -5.3372e-01 -1.0021e+00 +8.8370e-01 +8.9658e-02 +3.7816e-01 +2.8107e+00 -2.6010e+00 +6.5031e-01
159 0 +1.337743507e+08 +1.337742952e+08 +1.337742952e+08 -1.8959e+00 -1.3726e+00 +1.6562e+00 +1.0138e+00 -1.8205e+00 +4.1755e+00 +3.6923e+00 -4.5365e-01 -2.8390e+00 +1.6460e-01 +2.4454e-01 +1.2968e+00 +1.0899e+00 -3.9959e-01 -1.7046e+00 -1.2372e+00 +4.2586e-01 +2.1801e+00 -1.4160e+00 -2.5121e+00
259 0 +1.211205080e+08 +1.211204526e+08 +1.211204526e+08 -1.5712e-01 -4.0427e-01 +2.8119e+00 +2.5600e-01 +1.9788e-01 +3.4949e+00 +3.0697e+00 -7.5339e-01 -4.8392e-01 -2.9011e-01 -6.8495e-01 +1.9205e+00 +4.9553e-01 -1.1885e+00 +2.3900e-01 -1.8159e+00 +7.8358e-01 +1.3907e+00 -1.6417e+00 -2.2277e+00
% f evaluations | g evaluations | best noise-free fitness - Fopt (-5.349000000000e+01) + sum g_i+ | measured fitness | best measured fitness or single-digit g-values | x1 | x2...
1 0 +1.206700596e+09 +1.206700542e+09 +1.206700542e+09 +3.5877e+00 +2.0786e+00 -4.6581e+00 -4.3164e+00 +1.9329e+00 -1.2334e+00 +4.4766e+00 +9.8997e-01 -2.4616e+00 -2.9345e+00 -1.2998e+00 +1.3032e+00 -6.7618e-02 +1.0672e+00 -2.1898e+00 +2.0249e+00 +2.2045e-01 -1.9236e+00 +3.4257e+00 +1.0513e-01
2 0 +7.442459198e+08 +7.442458663e+08 +7.442458663e+08 +1.2889e+00 -2.7617e-01 +1.4587e+00 +7.0658e-01 +2.3838e+00 -3.3972e+00 +3.9686e+00 -3.3841e+00 -4.4641e+00 +3.4187e+00 -8.8572e-01 +3.4622e+00 +1.8295e-01 -1.4839e+00 -1.9471e+00 -2.4804e-01 -1.8067e+00 -6.5026e-01 +1.2040e+00 +1.0215e+00
6 0 +2.592510521e+08 +2.592509986e+08 +2.592509986e+08 -3.3008e+00 -8.7786e-01 -2.2402e+00 +5.0624e-01 +3.3713e+00 +1.0077e+00 +2.4804e-01 -1.4032e+00 +1.4302e+00 +1.0146e-01 +3.1130e+00 +1.8344e+00 -7.6643e-01 +2.8899e+00 +1.6512e+00 -8.3414e-01 -1.6389e+00 +9.5621e-01 -1.9784e+00 +2.3519e+00
7 0 +2.273578486e+08 +2.273577952e+08 +2.273577952e+08 -2.5888e+00 -1.6240e+00 -4.9366e-01 -7.1889e-01 +2.7248e+00 +2.1794e+00 -1.7680e+00 -5.0922e-01 +2.5757e+00 -8.4601e-01 +3.3650e+00 +2.2574e+00 -1.8904e+00 +1.4783e+00 +2.9732e+00 -7.9443e-01 -3.7539e-01 +1.4367e-01 -2.3195e+00 +3.3724e+00
42 0 +2.074979114e+08 +2.074978579e+08 +2.074978579e+08 +4.2998e+00 -1.1716e+00 -4.4362e-01 +4.8075e+00 +1.9357e+00 +1.7929e+00 -2.6430e+00 -1.5076e+00 -1.6154e+00 -1.6993e+00 -4.2805e+00 +6.9010e-01 +3.1950e+00 +1.7803e+00 +3.2799e+00 +7.4739e-01 +9.5430e-01 -9.7039e-01 +2.4094e+00 +2.2298e+00
52 0 +1.838761671e+08 +1.838761136e+08 +1.838761136e+08 +3.6307e+00 -2.4033e-01 -2.2862e+00 -4.1657e-01 +4.9796e-01 +1.0210e-01 +3.3014e+00 +2.8157e+00 -2.8384e+00 -2.7050e+00 +9.5633e-02 -9.7795e-02 +2.3843e-03 +2.1443e+00 -5.2701e-01 -3.8229e-01 +1.5614e+00 -2.8892e+00 +3.1092e+00 +4.0966e-01
53 0 +1.789182271e+08 +1.789181736e+08 +1.789181736e+08 +3.6364e+00 -5.5029e-01 -1.9692e+00 +1.0471e-01 +3.0615e-01 +2.8062e-01 +3.1443e+00 +3.0597e+00 -2.8887e+00 -2.6743e+00 +2.8216e-01 -2.8506e-01 +1.1741e-02 +2.2882e+00 -3.0475e-01 -7.0405e-01 +1.7406e+00 -3.0183e+00 +3.0669e+00 +4.5037e-01
154 0 +1.348891856e+08 +1.348891321e+08 +1.348891321e+08 +2.4892e+00 +8.7689e-01 -1.2663e+00 +1.4551e+00 +1.2646e+00 +6.3299e-01 -4.7759e-01 -9.5003e-01 +1.8451e-01 -1.4151e+00 -8.1356e-01 +6.5470e-01 +8.6206e-01 +6.4022e-01 -1.9099e+00 +9.5533e-01 +1.4789e+00 -1.5245e+00 +2.0929e+00 +1.1884e+00
208 0 +1.117949100e+08 +1.117948565e+08 +1.117948565e+08 +2.3184e+00 +6.3176e-01 -1.2969e+00 +1.2013e+00 +1.0105e+00 +5.2078e-01 -5.6970e-01 -8.8116e-01 +1.2548e-01 -1.1742e+00 -6.2998e-01 +4.8413e-01 +6.4813e-01 +5.1003e-01 -1.7487e+00 +9.4840e-01 +1.3572e+00 -1.3441e+00 +1.6870e+00 +1.1175e+00
512 0 +1.078380729e+08 +1.078380194e+08 +1.078380194e+08 +2.4865e+00 +8.4091e-01 -1.0609e+00 +1.6544e+00 +1.3267e+00 +7.4436e-01 -6.3726e-01 -1.1491e+00 +2.7358e-01 -1.4276e+00 -8.2562e-01 +7.2442e-01 +9.0946e-01 +5.4191e-01 -1.9022e+00 +8.9970e-01 +1.6817e+00 -1.6339e+00 +7.1219e-01 +1.2022e+00
802 0 +1.059467404e+08 +1.059466869e+08 +1.059466869e+08 +1.3030e+00 -7.0145e-01 -8.7103e-01 +1.0208e+00 +6.8980e-01 +3.5015e-01 +6.2464e-01 +4.0960e-01 -8.0223e-01 -1.5894e+00 -4.7087e-02 -4.3405e-02 +1.0313e+00 +1.3049e+00 -5.1377e-01 -2.2434e-03 +1.5386e+00 -2.3403e+00 +1.5084e+00 +6.8445e-01
1058 0 +1.032980160e+08 +1.032979625e+08 +1.032979625e+08 +2.6054e+00 -6.4320e-01 -1.2541e+00 -3.1390e-02 +3.8508e-01 +2.0676e-01 +1.0237e+00 +7.6560e-01 -1.0036e+00 -1.4788e+00 +2.3740e-02 -5.0918e-03 +7.8315e-01 +1.0826e+00 -3.9884e-01 -2.3625e-02 +9.1857e-01 -1.9213e+00 +1.0897e+00 +1.8360e-01
1206 0 +1.004136130e+08 +1.004135595e+08 +1.004135595e+08 +2.3630e+00 -4.6980e-01 -9.8926e-01 -1.2587e-01 +3.5819e-01 +1.2229e-01 -4.6554e-01 -2.9453e-01 -3.6447e-01 -1.2820e+00 +1.1562e-01 +3.9469e-01 +5.5028e-01 +1.9777e-01 -4.2377e-01 +2.7737e-02 +1.0124e+00 -1.5683e+00 +3.9577e-01 -8.9729e-02
1614 0 +9.647240694e+07 +9.647235345e+07 +9.647235345e+07 +1.6585e+00 -2.6891e-01 -1.4603e+00 +1.9040e-01 +8.8321e-01 +1.0376e-01 +3.0369e-01 +4.9990e-01 -1.0604e+00 -1.3197e+00 -2.4200e-01 +1.6611e-01 +8.6034e-01 +1.2680e+00 -7.7453e-01 +3.1316e-01 +1.3335e+00 -2.2755e+00 +1.8067e+00 +5.9431e-01
% f evaluations | g evaluations | best noise-free fitness - Fopt (1.172700000000e+02) + sum g_i+ | measured fitness | best measured fitness or single-digit g-values | x1 | x2...
1 0 +1.668752697e+10 +1.668752709e+10 +1.668752709e+10 -4.8127e+00 -2.7236e+00 +3.6149e+00 -4.1923e+00 +3.8735e+00 -3.6840e+00 +3.3731e+00 -1.2405e+00 +3.3144e+00 -5.5161e-01 -2.2823e-01 -7.6460e-01 +2.9466e-01 -1.2546e+00 -4.3811e+00 +2.2763e+00 +2.3187e+00 -4.3088e-02 +2.5200e+00 -1.4787e+00
2 0 +4.046209561e+09 +4.046209678e+09 +4.046209678e+09 -1.0834e+00 +5.1273e-01 +3.6675e-01 +2.5631e+00 +1.3245e+00 +2.6670e+00 +1.7740e-01 -1.1322e+00 -5.1620e-01 -7.8971e-03 -1.5475e+00 -3.1148e+00 +1.2525e+00 -8.7894e-01 +2.4009e+00 -3.0383e+00 +8.9874e-01 -2.2972e+00 +6.1994e-01 -1.4649e+00
4 0 +8.835405373e+08 +8.835406545e+08 +8.835406545e+08 +3.1514e-02 -1.1995e+00 -3.1309e+00 -2.3096e+00 +1.6831e+00 -3.5559e-01 +9.6438e-01 +1.0187e+00 +2.6148e+00 -3.5837e+00 +9.2839e-01 +2.9175e+00 +2.6871e-02 -2.6319e+00 -2.1684e+00 +1.8120e+00 +1.3235e+00 -7.0545e-01 -2.7522e+00 -1.2025e+00
6 0 +2.199937279e+08 +2.199938451e+08 +2.199938451e+08 +8.9433e-01 -8.4786e-02 +4.3933e-01 +6.4223e-01 +4.7617e-01 -1.1452e+00 -2.2393e+00 -5.5390e-01 -4.3019e-01 +1.0907e+00 -2.2353e+00 -4.0210e+00 +8.2310e-01 +9.3575e-01 +3.4336e+00 -3.8675e-01 -9.9642e-01 -1.3616e+00 +7.1618e-02 +1.9736e+00
7 0 +1.819246630e+08 +1.819247802e+08 +1.819247802e+08 +6.3633e-01 -8.2115e-01 +1.2795e+00 +2.1735e-01 +2.4069e-01 -2.0389e+00 -1.8237e+00 -1.5952e+00 +2.6379e-01 +2.2471e-01 -1.7896e+00 -4.0659e+00 +8.5916e-01 +6.1382e-01 +3.1006e+00 +1.9928e-01 -9.9826e-01 -1.6348e+00 +8.2906e-01 +2.4933e+00
% f evaluations | g evaluations | best noise-free fitness - Fopt (7.789000000000e+01) + sum g_i+ | measured fitness | best measured fitness or single-digit g-values | x1 | x2...
1 0 +9.085591776e+08 +9.085592554e+08 +9.085592554e+08 -1.7361e+00 +2.2527e+00 -1.2297e+00 -2.6074e+00 +1.9288e+00 +3.8611e+00 -1.2290e+00 -1.4918e+00 -9.7888e-01 -2.5358e+00 -1.2651e+00 +2.5898e+00 +2.8967e+00 -2.1751e+00 -1.8819e+00 +9.7452e-01 +1.9547e+00 -2.7688e+00 -5.9901e-01 -2.5998e+00
2 0 +4.270716809e+08 +4.270717588e+08 +4.270717588e+08 -3.2585e+00 +1.2391e+00 +1.1853e+00 -5.2906e-01 +2.7843e+00 -2.1369e+00 -7.2864e-01 -2.7074e+00 +4.3982e+00 -3.3676e-01 +2.4540e+00 +4.6849e+00 -1.5855e+00 -2.7441e+00 +7.0676e-01 +1.2729e+00 +4.1997e-01 +2.5910e+00 +2.9831e+00 -2.2634e+00
3 0 +4.058607041e+08 +4.058607819e+08 +4.058607819e+08 -4.3496e+00 -3.4468e-01 +1.5021e+00 +2.6267e+00 +7.3951e-01 +4.5532e-01 +6.3602e-01 -3.4856e+00 +3.9521e+00 +2.3110e-01 -9.5271e-01 +4.6856e+00 -3.8285e-01 -1.8803e+00 -3.7439e-01 +2.1676e+00 +1.8561e+00 +3.0562e+00 -5.4428e-02 -4.0958e-01
6 0 +2.659185066e+08 +2.659185845e+08 +2.659185845e+08 +1.8736e+00 -2.3976e+00 +4.1172e+00 +3.0523e+00 -3.6623e+00 +5.3660e-01 +2.6312e+00 -2.1431e+00 +3.4829e+00 -3.2968e-01 -2.0643e+00 +7.5882e-01 -4.5647e-01 +1.8453e+00 -4.9813e-01 -1.0286e+00 -2.4851e+00 +4.6407e+00 -1.2399e+00 +1.1925e+00
56 0 +2.116831717e+08 +2.116832496e+08 +2.116832496e+08 -2.0670e+00 -4.0930e-01 +2.2735e+00 +1.9789e+00 -2.9700e-01 +6.5833e-01 -1.3822e+00 -3.7944e+00 -2.3605e-01 +5.9368e-01 +6.1066e-01 +3.4936e+00 +2.4919e+00 +9.3415e-01 +1.8057e+00 +2.5182e-01 -1.2067e+00 +9.5490e-01 -2.8596e+00 +5.0186e-01
57 0 +2.080634667e+08 +2.080635446e+08 +2.080635446e+08 -1.8799e+00 -3.4328e-01 +2.3256e+00 +1.8353e+00 -2.8522e-01 +5.9116e-01 -1.5589e+00 -3.7822e+00 -5.0063e-01 +5.9661e-01 +8.3017e-01 +3.4384e+00 +2.6347e+00 +1.0970e+00 +1.9705e+00 +1.0282e-01 -1.4439e+00 +8.2671e-01 -2.9352e+00 +4.9512e-01
160 0 +1.732704688e+08 +1.732705466e+08 +1.732705466e+08 -2.8551e+00 -3.8699e-01 +2.0071e+00 +2.2026e+00 +6.0858e-02 +5.8824e-01 -6.8543e-01 -3.6878e+00 +1.2099e+00 +4.6850e-01 +7.0898e-02 +9.0374e-01 +1.4994e+00 -3.7540e-02 +1.0530e+00 +9.1324e-01 -1.4925e-01 +1.6804e+00 -1.8911e+00 +1.8718e-01
511 0 +1.550926440e+08 +1.550927219e+08 +1.550927219e+08 -2.8551e+00 -3.8699e-01 +2.0071e+00 +2.2026e+00 +6.0858e-02 +5.8824e-01 -6.8543e-01 -3.6878e+00 +1.2099e+00 +4.6850e-01 +7.0898e-02 +1.3633e+00 +1.4994e+00 -3.7540e-02 +1.0530e+00 +9.1324e-01 -1.4925e-01 +6.3956e-01 -1.8911e+00 +1.8718e-01
