% f evaluations | g evaluations | best noise-free fitness - Fopt (1.238300000000e+02) + sum g_i+ | measured fitness | best measured fitness or single-digit g-values | x1 | x2...
1 0 +3.867738391e+04 +3.880121391e+04 +3.880121391e+04 -1.1184e+00 +1.1564e+00 -4.2939e-02 -3.0229e+00 +7.3150e-01 +1.8984e+00 -1.4855e-01 -3.5165e+00 -1.8895e+00 -1.7703e-01
6 0 +1.556121317e+04 +1.568504317e+04 +1.568504317e+04 -2.4151e-01 +2.2830e+00 -1.0976e-01 -6.0165e-01 -4.4919e-01 +2.8501e+00 +2.6490e+00 -2.2046e+00 -1.3358e-02 -2.0690e+00
13 0 +1.496214224e+04 +1.508597224e+04 +1.508597224e+04 +1.2576e-02 +2.6095e+00 -1.2912e-01 +9.9906e-02 -7.9129e-01 +3.1259e+00 +3.4596e+00 -1.8245e+00 +5.3025e-01 -6.9666e-01
102 0 +1.430025057e+04 +1.442408057e+04 +1.442408057e+04 -3.7904e-01 +2.0441e+00 -8.9352e-02 -8.4042e-01 -2.5433e-01 +2.6746e+00 +2.1175e+00 -2.3851e+00 -3.1043e-01 -1.7285e+00
104 0 +5.102742303e+03 +5.226572303e+03 +5.226572303e+03 -4.5980e-01 -1.2705e+00 +1.9657e+00 +9.5507e-01 +3.9086e-01 +2.2972e+00 +9.0113e-01 -1.3006e-01 -1.0251e+00 -3.2923e-01
156 0 +4.224396258e+03 +4.348226258e+03 +4.348226258e+03 -2.6107e-01 +2.6087e+00 +1.1877e-02 +1.5152e+00 -1.1415e+00 +1.7133e+00 +1.4712e+00 -7.7620e-01 +1.5500e+00 -7.9541e-01
202 0 +3.783921221e+03 +3.907751221e+03 +3.907751221e+03 -2.8869e-01 +2.5721e+00 +1.3597e-02 +1.4467e+00 -1.1020e+00 +1.6869e+00 +1.3867e+00 -8.2219e-01 +1.4857e+00 -7.3976e-01
257 0 +1.919387810e+03 +2.043217810e+03 +2.043217810e+03 -1.4736e+00 +1.1453e+00 +3.2998e-01 +8.4505e-01 -1.8504e-01 +2.0185e+00 +8.9153e-01 -8.7600e-01 +1.3244e+00 +1.8259e-01
410 0 +1.807111575e+03 +1.930941575e+03 +1.930941575e+03 -1.4736e+00 +1.1453e+00 +1.0828e-01 +8.4505e-01 -1.8504e-01 +2.0185e+00 +8.9153e-01 -8.7600e-01 +1.3244e+00 +1.8259e-01
759 0 +1.666947174e+03 +1.790777174e+03 +1.790777174e+03 -1.4954e+00 +4.2778e-01 -4.2790e-01 +4.1452e-01 -5.8734e-01 +1.2360e+00 -8.8062e-01 +2.2571e-01 +1.6848e+00 +1.1759e-01
854 0 +1.491998254e+03 +1.615828254e+03 +1.615828254e+03 -1.8360e+00 +7.3614e-01 +1.7100e-02 +4.2434e-01 -8.2905e-03 +1.7930e+00 +2.7553e-01 -6.8212e-01 +1.1842e+00 +7.0787e-02
952 0 +1.107041153e+03 +1.230871153e+03 +1.230871153e+03 -1.1033e+00 +8.0440e-01 -2.4357e-02 +6.9543e-01 -7.3153e-01 +1.0933e+00 -6.2284e-01 -7.9109e-02 +1.4315e+00 +3.0176e-01
953 0 +8.677675991e+02 +9.915975991e+02 +9.915975991e+02 -1.4915e+00 +5.2568e-01 -2.8088e-01 -1.5921e-01 -3.0058e-01 +1.3085e+00 -9.6115e-01 -4.2689e-01 +8.6618e-01 +1.1255e-01
% f evaluations | g evaluations | best noise-free fitness - Fopt (4.751000000000e+01) + sum g_i+ | measured fitness | best measured fitness or single-digit g-values | x1 | x2...
1 0 +3.600009748e+04 +3.604760748e+04 +3.604760748e+04 +2.0922e-01 -2.6617e+00 +4.9675e-01 +1.0548e+00 -9.3207e-01 -3.2726e+00 +2.9067e+00 +1.1704e-01 -2.4101e+00 -8.2871e-01
6 0 +2.843701070e+04 +2.848452070e+04 +2.848452070e+04 +7.3524e-01 +5.4960e-01 +4.2377e-01 +3.3679e+00 +1.2037e+00 +1.7787e+00 +1.5160e+00 +3.1451e+00 -8.4643e-01 -2.6846e+00
9 0 +2.120437098e+04 +2.125188098e+04 +2.125188098e+04 +2.3702e+00 +3.2128e-01 -3.0204e-01 +2.4959e+00 +7.3221e-01 +1.5124e+00 +9.4457e-01 -1.7616e+00 -2.5886e-01 -1.5822e+00
55 0 +1.271355079e+04 +1.276106079e+04 +1.276106079e+04 -9.2273e-01 +2.3120e+00 +3.2006e+00 -1.1070e+00 -3.1133e-01 -1.0813e+00 +1.2226e+00 -9.7457e-01 +1.2216e+00 -6.1756e-01
110 0 +1.055991273e+04 +1.060742273e+04 +1.060742273e+04 -2.7546e-01 +2.3120e+00 +3.2006e+00 -1.1070e+00 -3.1133e-01 -1.0813e+00 +1.2226e+00 -9.7457e-01 +1.2216e+00 -6.1756e-01
202 0 +9.516638945e+03 +9.564148945e+03 +9.564148945e+03 +1.1515e+00 -2.5702e+00 -6.1008e-01 -1.1041e+00 +1.6134e+00 -1.6209e+00 +1.1134e+00 -1.3183e+00 -2.6453e-01 -1.0806e+00
206 0 +2.136418646e+03 +2.183928646e+03 +2.183928646e+03 -8.3085e-01 +2.5057e-01 +1.8965e+00 +5.6275e-01 +5.3834e-03 -4.7152e-01 +2.4494e-01 +2.7870e-01 +1.0570e+00 -1.7249e-01
207 0 +1.276671234e+03 +1.324181234e+03 +1.324181234e+03 +4.9329e-01 -1.1690e+00 +1.8631e-02 +1.1933e+00 +9.2006e-01 +1.0370e+00 -1.0550e-01 -3.0200e-01 +9.2801e-01 -8.6572e-01
% f evaluations | g evaluations | best noise-free fitness - Fopt (5.534000000000e+01) + sum g_i+ | measured fitness | best measured fitness or single-digit g-values | x1 | x2...
1 0 +3.604006562e+04 +3.609540562e+04 +3.609540562e+04 +4.7288e+00 -1.6616e+00 +2.9172e-01 +2.5612e+00 -9.2016e-01 +4.0880e-01 -3.5179e+00 +1.6996e+00 -1.9565e+00 -7.3622e-01
2 0 +3.567064655e+04 +3.572598655e+04 +3.572598655e+04 +3.8267e+00 +8.3330e-02 -1.1046e+00 +6.6659e-01 +3.3344e+00 +1.2688e+00 -2.7077e+00 +1.8851e-01 -5.0745e-01 +2.0278e+00
4 0 +9.680507666e+03 +9.735847666e+03 +9.735847666e+03 +4.8964e-02 -2.7069e-01 -1.6804e+00 -5.1444e-01 +6.8433e-01 +1.2728e+00 -2.5784e+00 -1.5313e+00 -2.4411e-01 +1.6819e+00
5 0 +8.351017973e+03 +8.406357973e+03 +8.406357973e+03 -1.4206e+00 +6.3082e-01 -1.2361e-01 +5.2722e-01 -5.4708e-02 +1.5281e+00 -2.4428e+00 -1.1915e+00 -1.2390e+00 +1.5324e+00
56 0 +7.645691605e+03 +7.701031605e+03 +7.701031605e+03 -4.3566e-01 +2.6605e-02 -1.1670e+00 -1.7093e-01 +4.4062e-01 +1.3570e+00 -2.5337e+00 -1.4192e+00 -5.7219e-01 +1.6326e+00
57 0 +7.312442130e+03 +7.367782130e+03 +7.367782130e+03 -9.3599e-01 +3.3353e-01 -6.3700e-01 +1.8371e-01 +1.8901e-01 +1.4439e+00 -2.4875e+00 -1.3035e+00 -9.1089e-01 +1.5817e+00
206 0 +4.759993392e+03 +4.815333392e+03 +4.815333392e+03 +7.3562e-01 -2.1637e-01 +4.9104e-01 -3.0594e-01 +1.8142e+00 +3.0362e-01 -3.1350e+00 +6.0773e-01 -2.4716e-01 +5.5309e-01
257 0 +4.101504030e+03 +4.156844030e+03 +4.156844030e+03 +5.8819e-01 -2.7395e-01 -9.8488e-02 -1.6752e-01 +1.5205e+00 -3.6843e-01 -2.7490e+00 -9.2202e-02 -4.7918e-01 +5.0519e-01
312 0 +4.048354174e+03 +4.103694174e+03 +4.103694174e+03 +5.8819e-01 -2.7395e-01 -9.8488e-02 -1.6752e-01 +1.5205e+00 -3.6843e-01 -2.7490e+00 -9.2202e-02 -4.7918e-01 +4.0309e-01
856 0 +3.837143569e+03 +3.892483569e+03 +3.892483569e+03 +2.0125e+00 -2.7085e-01 +1.1752e-02 +1.4253e+00 +1.4698e+00 +9.5517e-01 -9.5523e-01 +9.2734e-01 -1.3674e+00 +4.3044e-01
859 0 +3.785794715e+03 +3.841134715e+03 +3.841134715e+03 +9.0496e-01 +1.0119e-01 -8.1591e-01 +8.3000e-01 +2.1477e+00 +3.7341e-01 -6.9435e-01 +9.4173e-01 -7.5984e-01 +1.7651e+00
911 0 +3.708716639e+03 +3.764056639e+03 +3.764056639e+03 +9.0496e-01 +5.8376e-03 -8.1591e-01 +8.3000e-01 +2.1477e+00 +3.7341e-01 -6.9435e-01 +9.4173e-01 -7.5984e-01 +1.7651e+00
960 0 +2.981858674e+03 +3.037198674e+03 +3.037198674e+03 +2.0561e+00 -5.2119e-01 -3.8274e-01 +8.7971e-01 +1.3230e+00 +3.2347e-01 -1.1584e+00 +6.4941e-01 -1.2769e+00 +1.8000e+00
% f evaluations | g evaluations | best noise-free fitness - Fopt (-9.033000000000e+01) + sum g_i+ | measured fitness | best measured fitness or single-digit g-values | x1 | x2...
1 0 +6.114662498e+04 +6.105629498e+04 +6.105629498e+04 -2.3656e+00 -3.1777e+00 +3.8843e-01 +4.7892e-01 +6.6803e-01 +1.2128e+00 +3.3710e+00 -2.0991e+00 -4.6192e-01 +3.8080e-01
2 0 +4.246515681e+04 +4.237482681e+04 +4.237482681e+04 +2.3555e+00 -1.0809e+00 +6.4053e-01 -3.6535e+00 -1.9059e+00 +2.1710e+00 -9.4391e-01 -3.4912e+00 +1.3440e+00 +8.4728e-01
3 0 +3.834152408e+04 +3.825119408e+04 +3.825119408e+04 -9.1343e-01 -2.5327e+00 +4.6597e-01 -7.9222e-01 -1.2372e-01 +1.5075e+00 +2.0438e+00 -2.5273e+00 +9.3589e-02 +5.2429e-01
5 0 +3.779379161e+04 +3.770346161e+04 +3.770346161e+04 +4.7426e+00 +2.7338e+00 +2.0809e+00 -1.7970e+00 +3.6816e-01 -9.6102e-01 +2.6808e+00 +4.0658e-01 -1.2553e+00 -1.2291e+00
7 0 +2.851380479e+04 +2.842347479e+04 +2.842347479e+04 +1.4356e+00 -9.6201e-01 +4.4309e-01 -1.3048e+00 +3.4570e+00 +2.0530e+00 +2.1190e+00 +2.0707e+00 -1.3990e+00 +1.7557e+00
54 0 +2.722997478e+04 +2.713964478e+04 +2.713964478e+04 -2.0763e+00 -3.6228e+00 -2.6002e+00 -2.7983e+00 -9.0229e-02 -6.8409e-01 -1.1141e-01 -1.4386e+00 -1.1775e+00 +8.3804e-01
58 0 +1.570528655e+04 +1.561495655e+04 +1.561495655e+04 +2.1294e+00 +9.1130e-01 +1.7461e+00 -5.9469e-01 +1.7010e+00 -2.2447e+00 +8.2029e-02 +1.2285e+00 -2.9551e+00 -1.0673e+00
102 0 +3.315436565e+03 +3.225106565e+03 +3.225106565e+03 +1.4525e+00 -1.1189e+00 +2.5048e-01 +1.1085e+00 +7.9407e-01 -9.0423e-01 +9.1045e-01 +7.8943e-01 -1.2661e+00 +1.1919e+00
156 0 +3.052213064e+03 +2.961883064e+03 +2.961883064e+03 +1.5628e-01 +8.5233e-01 +1.7531e+00 +1.5040e-01 +9.2374e-01 -1.7591e-01 +5.5762e-01 +1.6080e+00 -9.5959e-01 -1.2549e+00
207 0 +2.247632996e+03 +2.157302996e+03 +2.157302996e+03 -4.5057e-01 -6.4629e-01 +1.4408e+00 +5.4103e-01 +7.1213e-01 -4.3341e-02 +1.5173e+00 +3.0706e-01 -1.0492e+00 -1.0069e+00
809 0 +1.742293283e+03 +1.651963283e+03 +1.651963283e+03 -4.5286e-01 -2.1731e-02 -7.3422e-02 -5.1097e-01 +1.4969e+00 +7.2191e-01 +1.2153e+00 -1.0981e+00 +8.0021e-01 -5.2536e-01
856 0 +1.545613957e+03 +1.455283957e+03 +1.455283957e+03 -1.3994e+00 -2.9374e-01 -6.8812e-01 -1.0183e+00 +1.2647e+00 +2.2899e-01 +8.3416e-01 -7.5660e-01 +2.0986e-01 -2.2859e-01
% f evaluations | g evaluations | best noise-free fitness - Fopt (6.561000000000e+01) + sum g_i+ | measured fitness | best measured fitness or single-digit g-values | x1 | x2...
1 0 +8.975775794e+03 +9.041385794e+03 +9.041385794e+03 +2.8611e+00 +2.7518e+00 +3.8771e-01 -1.4139e-01 +5.0052e-01 +2.0223e+00 +7.0657e-01 +2.0799e+00 -4.8904e-01 +4.7366e-01
57 0 +8.790095340e+03 +8.855705340e+03 +8.855705340e+03 +2.8489e+00 +2.7429e+00 +3.4618e-01 -1.1997e-01 +4.7596e-01 +1.8768e+00 +7.4058e-01 +2.0245e+00 -4.2861e-01 +4.4692e-01
104 0 +6.898264854e+03 +6.963874854e+03 +6.963874854e+03 +2.7720e+00 +2.4612e+00 +2.1143e-01 -5.1934e-03 +8.7270e-01 +1.8409e+00 +6.0110e-01 +2.0379e+00 -3.4636e-01 +4.7811e-01
106 0 +6.384731728e+03 +6.450341728e+03 +6.450341728e+03 +4.2995e-01 -6.7540e-01 +1.8371e+00 +1.6407e-01 -1.5495e+00 +2.3343e+00 +4.2803e-01 +2.5059e-03 -2.4511e+00 +5.6348e-01
108 0 +5.199003952e+03 +5.264613952e+03 +5.264613952e+03 +2.4635e+00 +1.6557e+00 +4.3855e-01 -3.0028e-01 +1.1548e+00 +1.7933e+00 +8.7245e-01 +2.0891e+00 -1.6886e-01 +2.0616e-01
164 0 +5.079363378e+03 +5.144973378e+03 +5.144973378e+03 +2.4635e+00 +1.6557e+00 +2.0204e-01 -3.0028e-01 +1.1548e+00 +1.7933e+00 +8.7245e-01 +2.0891e+00 -1.6886e-01 +2.0616e-01
305 0 +4.099306703e+03 +4.164916703e+03 +4.164916703e+03 +5.1008e-01 -6.6244e-01 +1.1595e+00 -3.2724e-01 -1.4528e+00 +9.9448e-01 +4.9330e-01 -2.0184e-02 -2.6696e+00 -2.9761e-01
357 0 +2.813164676e+03 +2.878774676e+03 +2.878774676e+03 +8.3065e-01 -3.3306e-01 +9.3259e-01 -4.9160e-01 -1.3890e+00 +8.0476e-01 +6.2275e-01 +6.6209e-02 -2.3962e+00 -3.8815e-01
554 0 +2.082803129e+03 +2.148413129e+03 +2.148413129e+03 +1.3752e+00 +8.5166e-01 -8.7344e-01 +4.1372e-01 +1.1980e+00 -7.9612e-01 +1.1076e+00 +4.3602e-01 -6.9201e-01 -5.9431e-01
962 0 +1.699201225e+03 +1.764811225e+03 +1.764811225e+03 +1.6119e+00 +1.1612e+00 -7.1430e-01 +8.7045e-01 +1.5692e+00 -3.8894e-02 +3.1183e-01 +1.3442e+00 -2.6839e-01 -2.3302e-01
% f evaluations | g evaluations | best noise-free fitness - Fopt (9.348200000000e+02) + sum g_i+ | measured fitness | best measured fitness or single-digit g-values | x1 | x2...
1 0 +3.054123173e+04 +3.147605173e+04 +3.147605173e+04 -1.5042e+00 +2.5331e+00 +4.6756e-01 -1.5367e+00 +1.0322e+00 +1.6843e+00 +9.0971e-01 +3.5739e+00 +3.2075e-02 -2.0349e+00
2 0 +1.870911657e+04 +1.964393657e+04 +1.964393657e+04 -4.3798e-01 +2.6357e+00 -3.7795e-01 +2.2763e+00 -2.8812e+00 +3.8995e-01 +1.6064e+00 -1.7447e+00 +1.1361e+00 +1.3884e+00
6 0 +1.295246725e+04 +1.388728725e+04 +1.388728725e+04 -8.2504e-01 +1.9665e+00 +4.1877e-01 -1.1058e+00 +6.1446e-01 +1.5932e+00 +6.1236e-01 +3.0042e+00 -1.9772e-01 -1.9378e+00
14 0 +1.239145826e+04 +1.332627826e+04 +1.332627826e+04 -8.8683e-01 +1.0259e+00 +4.6399e-01 -2.5063e-01 +2.2153e+00 +1.3684e+00 +4.3462e-01 +3.8545e-01 -4.5722e+00 -5.0898e-02
210 0 +1.164337209e+04 +1.257819209e+04 +1.257819209e+04 -8.8683e-01 +1.0259e+00 +7.7988e-01 -2.5063e-01 +1.0269e+00 +1.3684e+00 +4.3462e-01 +3.8545e-01 -4.5722e+00 -5.0898e-02
214 0 +1.036153575e+04 +1.129635575e+04 +1.129635575e+04 -8.8683e-01 +1.9031e-02 +7.7988e-01 -2.5063e-01 +2.2153e+00 +1.3684e+00 +4.3462e-01 +3.8545e-01 -4.5722e+00 -5.0898e-02
252 0 +3.877351413e+03 +4.812171413e+03 +4.812171413e+03 -9.5427e-01 +3.3506e-01 +1.2770e+00 -7.9576e-01 +8.4863e-01 +1.5945e+00 +7.7624e-01 +2.3197e-01 -3.1753e+00 -8.3239e-01
258 0 +3.128569333e+03 +4.063389333e+03 +4.063389333e+03 +8.4012e-01 +5.1281e-01 -4.3170e-02 +1.3402e-01 -2.5916e-01 +1.1399e+00 +3.0418e-01 +1.2982e+00 -7.9108e-01 -1.2796e+00
259 0 +3.044963804e+03 +3.979783804e+03 +3.979783804e+03 +1.2084e+00 +1.9543e-01 -1.2341e-01 +3.9648e-01 -4.6204e-01 +1.0544e+00 +2.0905e-01 +9.4066e-01 -9.2040e-01 -1.1609e+00
308 0 +2.085593485e+03 +3.020413485e+03 +3.020413485e+03 -4.6118e-01 +5.6220e-02 +1.0021e+00 -5.1763e-01 +6.8029e-01 +1.4467e+00 +7.2032e-01 +9.8679e-02 -3.0577e+00 -7.6463e-01
554 0 +1.560838474e+03 +2.495658474e+03 +2.495658474e+03 -6.5120e-02 +3.8433e-01 +1.5170e+00 +3.7560e-01 +1.1912e-01 +7.0705e-01 +6.6216e-01 +2.0165e-01 +4.7426e-01 -1.9658e-01
607 0 +8.630470742e+02 +1.797867074e+03 +1.797867074e+03 +9.7906e-02 +3.4719e-01 +1.3201e+00 +2.5269e-01 -8.6675e-02 +9.2294e-01 +4.0631e-01 +3.3887e-01 -4.2035e-02 -5.7949e-01
% f evaluations | g evaluations | best noise-free fitness - Fopt (-6.371000000000e+01) + sum g_i+ | measured fitness | best measured fitness or single-digit g-values | x1 | x2...
1 0 +1.601886469e+04 +1.595515469e+04 +1.595515469e+04 +8.7619e-01 -7.3918e-01 +1.2735e+00 +3.1363e+00 -6.4999e-01 +2.7674e+00 +1.4793e+00 +9.7313e-02 +1.8416e+00 +2.1839e+00
2 0 +6.313857114e+03 +6.250147114e+03 +6.250147114e+03 +1.6377e+00 -4.2847e-01 -7.8710e-01 -1.5899e+00 -9.7271e-01 +1.6689e+00 +3.5274e-01 +1.3180e+00 +3.0759e-01 +3.2493e+00
55 0 +6.265191220e+03 +6.201481220e+03 +6.201481220e+03 +8.0234e-01 -1.1956e-02 -1.1760e+00 -1.2267e+00 -1.5317e+00 +1.1615e+00 -2.1592e-01 +1.4113e+00 +8.9467e-01 +2.9270e+00
202 0 +3.096050013e+03 +3.032340013e+03 +3.032340013e+03 +9.8868e-01 -9.2631e-01 +5.8083e-01 -2.4045e+00 -3.5476e-01 +1.6959e-01 -8.6383e-02 +1.9874e-01 -1.8205e+00 -4.2929e-01
306 0 +7.541024749e+02 +6.903924749e+02 +6.903924749e+02 +7.4663e-01 -9.6636e-01 +1.0997e+00 -9.7811e-02 -4.2860e-01 +1.0427e+00 +3.3563e-01 -8.0301e-02 -4.4429e-01 +3.2383e-01
558 0 +6.782706692e+02 +6.145606692e+02 +6.145606692e+02 +7.4387e-01 -6.2090e-01 +7.5184e-01 +4.7593e-01 -4.7308e-01 +1.1446e+00 +6.2484e-01 -2.2003e-01 -1.5430e-01 +7.1998e-01
559 0 +5.452946876e+02 +4.815846876e+02 +4.815846876e+02 +7.3256e-01 -6.9379e-01 +7.8831e-01 +9.2605e-02 -4.4586e-01 +9.7081e-01 +4.7656e-01 -2.1522e-01 -4.0763e-01 +4.8957e-01
610 0 +3.847529726e+02 +3.210429726e+02 +3.210429726e+02 +7.4387e-01 -6.2090e-01 +7.5184e-01 +4.7593e-01 -4.7308e-01 +4.3498e-01 +6.2484e-01 -2.2003e-01 -1.5430e-01 +7.1998e-01
814 0 +3.691269028e+02 +3.054169028e+02 +3.054169028e+02 +7.4387e-01 -6.2090e-01 +7.5184e-01 +4.7593e-01 -4.7308e-01 +1.6443e-01 +6.2484e-01 -2.2003e-01 -1.5430e-01 +7.1998e-01
% f evaluations | g evaluations | best noise-free fitness - Fopt (1.000000000000e+03) + sum g_i+ | measured fitness | best measured fitness or single-digit g-values | x1 | x2...
1 0 +2.353525970e+04 +2.453525970e+04 +2.453525970e+04 -4.2523e+00 -9.4063e-02 +1.4394e+00 +2.7557e+00 +2.7473e+00 +1.0310e+00 -4.0069e-01 +1.4503e+00 -1.7095e+00 +1.6817e+00
3 0 +1.359996709e+04 +1.459996709e+04 +1.459996709e+04 +1.2662e+00 +4.8241e-01 -1.2817e+00 +1.6531e+00 +1.6969e+00 -2.4560e+00 +1.3903e+00 -1.4660e+00 -8.5990e-01 +4.4382e-01
9 0 +1.244164154e+04 +1.344164154e+04 +1.344164154e+04 -2.5981e+00 -7.9464e-01 -6.7837e-01 +3.4379e+00 +1.6461e+00 -9.5246e-01 +9.0943e-01 +7.0597e-01 -8.6279e-02 +1.3589e+00
52 0 +1.055357853e+04 +1.155357853e+04 +1.155357853e+04 +9.0147e-01 +1.5035e+00 -1.1004e+00 +8.6832e-02 +1.1512e+00 +1.0457e-01 +1.7463e+00 -6.1420e-01 +2.0746e+00 -2.0588e+00
106 0 +8.948730572e+03 +9.948730572e+03 +9.948730572e+03 -1.9521e+00 -2.5572e+00 -7.9057e-01 -3.7830e+00 -6.0586e-01 -1.6474e+00 -8.9586e-01 -1.3331e+00 +3.3835e+00 -2.7323e-01
158 0 +6.761080673e+03 +7.761080673e+03 +7.761080673e+03 -2.0616e+00 -2.4400e+00 -6.8440e-01 -3.4717e+00 -4.4620e-01 -1.5198e+00 -8.7229e-01 -1.2005e+00 +3.1410e+00 -1.8015e-01
258 0 +4.627493216e+03 +5.627493216e+03 +5.627493216e+03 +8.6033e-01 -1.3916e+00 -1.2111e+00 -2.1077e+00 -8.9113e-01 -9.7504e-01 -3.5182e-01 -3.2436e-01 +1.3558e+00 -2.1116e+00
308 0 +1.777263137e+03 +2.777263137e+03 +2.777263137e+03 +1.1933e+00 -1.2397e+00 -3.6157e-01 -1.1855e+00 -9.3265e-01 -1.0979e+00 -4.9069e-02 +5.3618e-02 +6.6046e-01 -1.4723e+00
408 0 +1.361068744e+03 +2.361068744e+03 +2.361068744e+03 -5.0151e-01 -1.0757e+00 +8.5074e-01 -6.0042e-01 +6.3472e-02 -1.0528e+00 +4.7780e-01 -4.9282e-01 +1.9095e+00 +7.5049e-01
608 0 +3.755618233e+02 +1.375561823e+03 +1.375561823e+03 -6.1781e-01 -5.3125e-01 +8.4315e-01 +1.0609e+00 +4.0378e-01 -3.8867e-01 +1.5530e-01 +6.4314e-01 -4.0075e-01 +2.8781e-01
663 0 +3.516115470e+02 +1.351611547e+03 +1.351611547e+03 -1.1445e+00 -3.6912e-01 +6.3365e-01 +1.3059e+00 +7.2085e-01 -8.4674e-02 +2.2759e-01 +6.6563e-01 -3.9869e-01 +4.5305e-01
760 0 +3.095790933e+02 +1.309579093e+03 +1.309579093e+03 -1.1003e+00 -4.9394e-01 +7.2635e-01 +9.5940e-01 +6.8698e-01 +5.6661e-01 -2.3238e-02 +8.4469e-01 -5.3154e-01 +3.0910e-01
% f evaluations | g evaluations | best noise-free fitness - Fopt (3.197000000000e+01) + sum g_i+ | measured fitness | best measured fitness or single-digit g-values | x1 | x2...
1 0 +3.399749426e+04 +3.402946426e+04 +3.402946426e+04 -2.5532e-02 -8.2981e-01 -5.3495e-01 -2.9412e-01 -1.3920e+00 +3.6826e+00 -3.5029e+00 +4.2679e-01 +7.4237e-01 -1.2224e+00
4 0 +1.931926497e+04 +1.935123497e+04 +1.935123497e+04 -1.6036e+00 +2.0404e+00 +1.2681e+00 -1.9739e+00 +4.0891e-01 +6.6344e-01 +2.4201e+00 +3.2160e+00 -2.4948e-01 -6.9730e-01
56 0 +1.375738069e+04 +1.378935069e+04 +1.378935069e+04 -6.6819e-01 -7.9148e-01 -1.0112e-01 -1.2413e-01 -1.6052e+00 +2.6795e+00 -2.5336e+00 +2.2763e-01 +1.2543e+00 -8.3075e-01
58 0 +8.095478215e+03 +8.127448215e+03 +8.127448215e+03 -1.8444e+00 -2.8326e-01 +4.6385e-01 -2.0882e-01 -2.6048e+00 -1.0493e+00 +3.2066e+00 +8.2129e-01 +2.9865e-01 -9.0611e-01
59 0 +5.535146644e+03 +5.567116644e+03 +5.567116644e+03 -2.1018e+00 +5.7397e-01 +9.6959e-01 -4.1983e-01 -2.4527e+00 -1.1947e+00 +2.9654e+00 +1.1650e+00 +8.7844e-01 -1.3898e+00
102 0 +5.421335251e+03 +5.453305251e+03 +5.453305251e+03 -4.3934e-01 +2.0986e+00 +5.3688e-01 -1.0077e+00 +1.3818e+00 +2.7732e-01 -8.5162e-01 +8.4337e-01 -5.9623e-01 -2.1703e+00
152 0 +4.548935278e+03 +4.580905278e+03 +4.580905278e+03 -8.1591e-01 -1.3320e+00 -4.2260e-01 -6.0397e-02 -1.8023e+00 +2.2093e+00 -3.7039e-01 -4.3615e-01 +1.6794e+00 -1.0148e+00
157 0 +3.330465577e+03 +3.362435577e+03 +3.362435577e+03 -6.2147e-01 -1.5978e-01 +8.1618e-01 +6.1327e-01 -3.2572e-01 +1.8689e+00 -1.1413e+00 +4.7396e-01 +9.8353e-01 -3.3293e-01
306 0 +2.919806572e+03 +2.951776572e+03 +2.951776572e+03 -4.6430e-01 +8.8549e-01 +4.1358e-02 -2.5690e-01 +9.9071e-01 +1.5470e+00 -1.4615e+00 +4.4134e-01 +1.0038e+00 -1.3886e+00
502 0 +2.710279699e+03 +2.742249699e+03 +2.742249699e+03 -1.1598e+00 +8.3601e-01 -4.8018e-02 +6.2987e-01 +9.6484e-01 +1.3478e+00 -1.1875e+00 +7.7388e-01 +2.5142e-01 -1.1781e+00
554 0 +2.528494129e+03 +2.560464129e+03 +2.560464129e+03 -8.7488e-01 +5.7905e-01 +3.3336e-01 +3.5730e-01 +1.5125e-01 +2.0303e+00 -1.6323e+00 +5.5599e-01 +5.2136e-01 -1.1442e+00
% f evaluations | g evaluations | best noise-free fitness - Fopt (5.819000000000e+01) + sum g_i+ | measured fitness | best measured fitness or single-digit g-values | x1 | x2...
1 0 +7.288062691e+04 +7.293881691e+04 +7.293881691e+04 +3.5653e-01 +5.0894e-02 +4.4204e+00 -1.7391e+00 +1.1975e+00 +1.5310e+00 -1.4654e+00 +1.7611e-01 -1.8235e+00 +1.3154e+00
2 0 +5.143092173e+04 +5.148911173e+04 +5.148911173e+04 -2.0349e+00 +3.0831e+00 -2.0944e-01 +3.0907e+00 -3.9845e+00 -1.9814e+00 +1.8088e+00 +4.6585e-01 +1.4252e+00 -8.0271e-01
5 0 +3.275351377e+04 +3.281170377e+04 +3.281170377e+04 +4.7783e-01 -7.1464e-01 +2.9636e+00 -1.1236e+00 +1.0061e+00 +2.0595e+00 -1.2029e+00 -4.4032e-01 -1.6472e+00 +1.0292e+00
6 0 +2.936071227e+04 +2.941890227e+04 +2.941890227e+04 +1.8642e+00 -5.1335e-01 +2.8541e-01 -7.3086e-01 -2.8434e+00 +3.5783e+00 -1.9074e-01 -4.1374e-01 -2.0475e+00 -2.4071e-01
7 0 +1.399548757e+04 +1.405367757e+04 +1.405367757e+04 +1.1645e-01 -1.7660e+00 -1.0099e+00 -8.6103e-02 -8.7206e-01 +2.8024e+00 +3.2497e+00 -1.3881e+00 +2.0213e-01 +1.6973e+00
9 0 +1.372208453e+04 +1.378027453e+04 +1.378027453e+04 -9.9976e-01 +1.5992e+00 +1.3779e+00 -2.1609e+00 +8.5063e-01 -1.0070e+00 -2.0226e+00 -1.2984e+00 -8.3938e-01 +1.1009e+00
54 0 +6.906890925e+03 +6.965080925e+03 +6.965080925e+03 -8.6485e-01 +4.4582e-01 -6.4480e-01 +1.3629e+00 -2.2917e+00 +6.2036e-01 +2.5925e+00 -5.4247e-01 +7.6003e-01 +5.5699e-01
111 0 +6.485379377e+03 +6.543569377e+03 +6.543569377e+03 -8.6485e-01 +2.7769e-02 -6.4480e-01 +1.3629e+00 -2.2917e+00 +6.2036e-01 +2.5925e+00 -5.4247e-01 +7.6003e-01 +5.5699e-01
205 0 +4.907375946e+03 +4.965565946e+03 +4.965565946e+03 -2.1272e+00 -3.5396e-01 +9.6008e-01 -1.5694e+00 -5.0655e-01 +1.9540e-01 +1.0490e+00 +5.5035e-01 -1.7051e+00 -4.1479e-01
252 0 +2.801655521e+03 +2.859845521e+03 +2.859845521e+03 +5.4630e-01 +2.1752e-01 +4.7003e-01 -1.3661e+00 -1.3308e+00 +1.4355e+00 -1.0060e+00 -9.1514e-01 -1.4547e+00 +5.9457e-02
358 0 +2.229250163e+03 +2.287440163e+03 +2.287440163e+03 +3.0331e-01 -6.8807e-02 +6.9751e-01 -1.0618e+00 -9.8851e-01 +1.5641e+00 -6.4351e-01 -5.3208e-01 -1.3354e+00 +1.7907e-01
406 0 +1.541236512e+03 +1.599426512e+03 +1.599426512e+03 +1.5298e-01 -2.0968e-01 +6.4851e-01 -9.1402e-01 -1.2344e+00 +1.5636e+00 -3.2194e-01 -5.2774e-01 -1.1515e+00 +6.5901e-02
457 0 +1.281944103e+03 +1.340134103e+03 +1.340134103e+03 +8.2897e-02 -1.2155e-01 +7.1783e-01 -7.5856e-01 -1.2814e+00 +1.4949e+00 -2.7911e-01 -4.7287e-01 -1.1470e+00 +5.8845e-02
560 0 +1.014823029e+03 +1.073013029e+03 +1.073013029e+03 -1.9720e-01 -5.4710e-02 +9.5387e-01 -1.4452e-01 -1.2692e+00 +1.3595e+00 -1.9943e-02 -5.6637e-01 -1.1819e+00 +4.0898e-01
% f evaluations | g evaluations | best noise-free fitness - Fopt (-4.840000000000e+00) + sum g_i+ | measured fitness | best measured fitness or single-digit g-values | x1 | x2...
1 0 +3.862337194e+04 +3.861853194e+04 +3.861853194e+04 +2.7975e+00 -1.7436e+00 -3.9437e+00 -1.1948e-01 +2.1149e+00 -2.3216e+00 +1.0767e+00 -6.2202e-01 +9.6129e-01 -1.5380e-01
2 0 +2.681165673e+04 +2.680681673e+04 +2.680681673e+04 +5.2955e-01 +2.0592e+00 +2.6426e-01 -3.3896e+00 +9.9010e-01 -1.6431e+00 -2.3058e+00 -9.3683e-01 -1.1117e+00 -1.5178e+00
3 0 +1.768362044e+04 +1.767878044e+04 +1.767878044e+04 -1.2215e+00 +1.6494e+00 +8.3998e-02 -3.3627e+00 +2.2256e+00 -1.3149e+00 -1.9440e+00 -1.5189e+00 -1.2943e+00 -1.0430e+00
4 0 +1.544569949e+04 +1.544085949e+04 +1.544085949e+04 +1.8736e+00 -2.2742e+00 -2.5987e+00 +1.7050e-01 +2.2244e+00 -1.9593e+00 +1.2393e+00 -4.9093e-01 +4.6192e-01 -5.7454e-01
6 0 +6.695852582e+03 +6.691012582e+03 +6.691012582e+03 +6.7265e-01 -2.3358e+00 -2.8558e+00 +5.1634e-01 -1.2361e-01 -9.2459e-01 +3.1752e-01 -3.5675e-01 -5.1033e-01 -1.8371e+00
102 0 +2.834605353e+03 +2.829765353e+03 +2.829765353e+03 +6.4972e-01 -8.8810e-01 -4.8255e-01 +2.0286e+00 +1.1166e+00 -1.4910e-01 -1.6239e+00 -1.2182e-01 +6.7374e-01 +6.8135e-02
152 0 +2.560415999e+03 +2.555575999e+03 +2.555575999e+03 +4.6914e-01 -1.1814e+00 -7.8465e-01 +1.8311e+00 +7.1514e-01 -1.5743e-01 -1.3654e+00 -1.3805e-01 +3.4819e-01 -3.9628e-01
706 0 +2.282085851e+03 +2.277245851e+03 +2.277245851e+03 -5.6492e-01 -4.5895e-01 -1.6048e+00 +4.1352e-01 -2.3022e-01 -1.5651e+00 -1.7531e+00 +3.7644e-01 +6.1335e-01 +9.9755e-01
710 0 +9.708563395e+02 +9.660163395e+02 +9.660163395e+02 +1.1390e+00 +4.3396e-01 -3.7443e-01 -6.2913e-01 -6.2791e-01 -1.4444e+00 -4.0050e-01 +4.5731e-01 -4.6771e-01 -5.8361e-01
% f evaluations | g evaluations | best noise-free fitness - Fopt (-6.337000000000e+01) + sum g_i+ | measured fitness | best measured fitness or single-digit g-values | x1 | x2...
1 0 +2.337340449e+04 +2.331003449e+04 +2.331003449e+04 -7.7486e-01 -4.7011e-01 +4.2230e+00 +1.6803e+00 +1.3725e+00 +1.3852e+00 +1.2049e+00 +4.1776e-01 +2.2163e+00 +5.8109e-01
5 0 +1.933016057e+04 +1.926679057e+04 +1.926679057e+04 -2.5306e-01 -7.6904e-02 +3.7143e+00 +1.4071e+00 +1.8824e+00 +1.2205e+00 +1.6854e+00 +7.6134e-01 +1.6039e+00 +8.9149e-01
30 0 +1.823300458e+04 +1.816963458e+04 +1.816963458e+04 -1.1844e-01 -1.6078e+00 +9.1664e-01 +1.1779e+00 +5.2358e-02 -3.3934e+00 -3.1605e+00 -5.1624e-01 +1.3607e+00 +7.8406e-01
52 0 +1.429402133e+04 +1.423065133e+04 +1.423065133e+04 -4.2899e-01 -1.0161e+00 +3.2197e+00 +2.1258e+00 +1.3286e+00 +8.8537e-01 +4.3338e-01 +1.0967e+00 +1.0968e+00 +1.3753e-01
58 0 +9.213528477e+03 +9.150158477e+03 +9.150158477e+03 -7.9882e-01 -6.1821e-01 +3.4652e+00 +1.1573e+00 +8.0448e-01 +1.3083e+00 +3.2434e-01 +8.5086e-01 +2.0726e+00 +4.9927e-01
106 0 +6.869432888e+03 +6.806062888e+03 +6.806062888e+03 -8.0698e-01 -6.6868e-01 +3.2070e+00 +9.7908e-01 +6.1091e-01 +1.2821e+00 +2.4261e-02 +9.9846e-01 +2.0237e+00 +4.7139e-01
107 0 +4.774532863e+03 +4.711162863e+03 +4.711162863e+03 -8.3839e-01 -8.6281e-01 +2.2136e+00 +2.9354e-01 -1.3364e-01 +1.1813e+00 -1.1300e+00 +1.5662e+00 +1.8354e+00 +3.6414e-01
206 0 +3.805955738e+03 +3.742585738e+03 +3.742585738e+03 -6.9933e-01 -6.7610e-01 +2.5701e+00 +5.5808e-01 +3.4531e-01 +1.1906e+00 -4.6115e-01 +1.2663e+00 +1.7804e+00 +4.8942e-01
208 0 +1.871003873e+03 +1.807633873e+03 +1.807633873e+03 -9.3029e-01 -2.0655e-01 +2.0158e+00 +7.0383e-01 +3.0906e-01 +9.7920e-01 -1.9466e-01 +1.6124e+00 +1.2374e+00 +1.1154e+00
412 0 +1.646340909e+03 +1.582970909e+03 +1.582970909e+03 -3.3721e-01 -1.8989e-01 +3.1957e-02 +1.2470e+00 +1.5925e+00 +1.2149e+00 +5.2415e-01 +4.8526e-01 +1.6371e+00 +8.1567e-01
702 0 +1.166978770e+03 +1.103608770e+03 +1.103608770e+03 -5.8895e-01 +1.5325e-02 +5.7852e-01 +5.7709e-01 +1.9929e+00 -1.0906e+00 -6.9770e-01 -1.3395e-01 -1.1856e+00 +1.6863e-01
703 0 +8.717862547e+02 +8.084162547e+02 +8.084162547e+02 -5.7810e-01 -3.1253e-01 +1.0434e+00 +8.8999e-01 +1.6781e+00 -5.5662e-01 -6.4358e-01 +3.2509e-01 -6.7499e-01 +9.4335e-02
% f evaluations | g evaluations | best noise-free fitness - Fopt (2.750000000000e+00) + sum g_i+ | measured fitness | best measured fitness or single-digit g-values | x1 | x2...
1 0 +1.498066278e+04 +1.498341278e+04 +1.498341278e+04 -3.5923e-01 -1.6881e+00 +4.1482e+00 +6.3945e-01 +5.2085e-01 +2.6696e+00 +5.7021e-01 +8.1731e-01 +5.1668e-01 -9.6597e-01
4 0 +1.454602734e+04 +1.454877734e+04 +1.454877734e+04 +1.8061e+00 -1.6800e-02 -1.5241e+00 -1.2292e+00 -2.3253e-01 -2.2738e+00 +2.1497e+00 +1.1292e+00 +2.1899e-01 +1.8424e+00
8 0 +7.723002701e+03 +7.725752701e+03 +7.725752701e+03 +3.7772e-01 +1.1424e+00 +3.7687e-02 +2.3539e+00 -1.9515e+00 -2.2428e-01 -9.4794e-01 +3.0652e-01 +1.6071e+00 +1.0125e+00
9 0 +5.460721174e+03 +5.463471174e+03 +5.463471174e+03 +5.0705e-01 +6.0636e-01 +8.0275e-01 +2.3457e+00 -1.2236e+00 -2.5348e-01 -4.3977e-01 +5.3714e-02 +1.8006e+00 +7.8694e-01
57 0 +7.366175155e+02 +7.393675155e+02 +7.393675155e+02 +1.3896e+00 +1.9236e-01 -9.1168e-02 +6.4753e-01 +8.0419e-02 -7.6417e-01 +1.0003e-01 +1.2217e+00 +8.8659e-01 +5.0608e-01
358 0 +5.413066080e+02 +5.440566080e+02 +5.440566080e+02 -1.3597e-01 -9.0757e-01 +6.5189e-01 -2.0437e-01 -4.4926e-01 +6.0248e-01 -2.6996e-01 +3.7884e-01 -4.1898e-02 +8.7583e-01
414 0 +5.081741050e+02 +5.109241050e+02 +5.109241050e+02 -1.3597e-01 -8.0015e-01 +6.5189e-01 -2.0437e-01 -4.4926e-01 +6.0248e-01 -2.6996e-01 +3.7884e-01 -4.1898e-02 +8.7583e-01
% f evaluations | g evaluations | best noise-free fitness - Fopt (-4.681000000000e+01) + sum g_i+ | measured fitness | best measured fitness or single-digit g-values | x1 | x2...
1 0 +1.875292666e+04 +1.870611666e+04 +1.870611666e+04 +2.3324e+00 +3.4749e-01 -1.4040e+00 +2.2894e+00 -1.1639e+00 -2.7503e+00 -2.2769e+00 +5.5700e-01 -2.2504e+00 -8.4443e-01
3 0 +1.537221894e+04 +1.532540894e+04 +1.532540894e+04 +2.0061e+00 +3.1455e-01 -1.2667e+00 +2.0878e+00 -1.0697e+00 -2.7870e+00 -2.0523e+00 +7.4240e-01 -2.1398e+00 -7.7779e-01
55 0 +1.175423462e+04 +1.170742462e+04 +1.170742462e+04 +1.8779e+00 +5.6660e-01 -1.5694e+00 +2.3428e+00 -7.7030e-01 -1.9912e+00 -1.8938e+00 +1.0263e+00 -1.3899e+00 -2.8598e-01
56 0 +1.149891560e+04 +1.145210560e+04 +1.145210560e+04 +8.4989e-01 +1.9782e-01 -7.8018e-01 +1.3734e+00 -7.3583e-01 -2.9167e+00 -1.2566e+00 +1.3993e+00 -1.7479e+00 -5.4168e-01
154 0 +9.525139550e+03 +9.478329550e+03 +9.478329550e+03 -4.2016e-01 +1.6200e-01 +1.0037e-01 +3.0502e-01 +5.5762e-01 +2.6774e+00 +4.7194e-02 -7.8955e-01 -1.7132e+00 -4.3467e-01
213 0 +9.034978828e+03 +8.988168828e+03 +8.988168828e+03 +1.8779e+00 +5.6660e-01 -1.5694e+00 +2.3428e+00 -7.7030e-01 -1.9912e+00 -1.8938e+00 +1.0263e+00 -5.4925e-01 -2.8598e-01
407 0 +8.733473684e+03 +8.686663684e+03 +8.686663684e+03 -1.5841e-01 +3.9070e-01 -4.1170e-01 +7.9184e-01 -1.9865e-01 -2.6920e+00 -3.1781e-01 +2.0392e+00 -1.0812e+00 -4.5208e-01
814 0 +8.448022059e+03 +8.401212059e+03 +8.401212059e+03 +2.3679e-02 +4.4236e-01 -4.9993e-01 +8.7351e-02 -2.1777e-01 -2.6620e+00 -4.2421e-01 +1.9949e+00 -1.1098e+00 -1.9008e-01
858 0 +7.553504862e+03 +7.506694862e+03 +7.506694862e+03 +8.7573e-01 +7.6449e-01 -9.0207e-01 +1.5166e+00 -2.4741e-01 -2.1326e+00 -6.5776e-01 +1.6970e+00 -1.3304e+00 -6.3266e-01
905 0 +7.350451154e+03 +7.303641154e+03 +7.303641154e+03 +9.0910e-01 +8.1049e-01 -9.8342e-01 +1.6122e+00 -2.1565e-01 -1.9912e+00 -4.8893e-01 +1.6607e+00 -1.3098e+00 -6.1113e-01
909 0 +6.566781544e+03 +6.519971544e+03 +6.519971544e+03 +7.7813e-01 +1.0245e+00 -1.1601e+00 +1.7900e+00 +3.4345e-02 -1.4416e+00 +1.2176e-01 +1.7309e+00 -1.0945e+00 -7.4388e-01
% f evaluations | g evaluations | best noise-free fitness - Fopt (6.134000000000e+01) + sum g_i+ | measured fitness | best measured fitness or single-digit g-values | x1 | x2...
1 0 +5.781570577e+03 +5.842910577e+03 +5.842910577e+03 +1.4144e+00 +2.0874e+00 -2.8914e+00 -1.0736e+00 -5.8438e-01 +2.1187e+00 +2.6217e+00 +1.4612e+00 -1.1364e+00 +8.3070e-01
5 0 +5.572273607e+03 +5.633613607e+03 +5.633613607e+03 +1.4748e-01 +1.1895e+00 -2.7345e+00 -6.9227e-01 -6.9508e-01 +9.2687e-01 +3.3986e+00 +1.2446e+00 -8.8422e-01 +1.5882e+00
53 0 +4.499726427e+03 +4.561066427e+03 +4.561066427e+03 +1.2711e+00 +1.9682e+00 -2.7557e+00 -1.0294e+00 -5.8715e-01 +1.9676e+00 +2.4990e+00 +1.4588e+00 -1.0322e+00 +7.1477e-01
256 0 +3.818858871e+03 +3.880198871e+03 +3.880198871e+03 +3.8981e-01 -6.9576e-02 -1.5262e+00 +2.0118e-01 -2.4520e-01 +2.3995e+00 +3.8407e-01 -1.5650e+00 -1.8034e+00 +2.4192e+00
257 0 +1.536806296e+03 +1.598146296e+03 +1.598146296e+03 +9.4422e-02 +3.1422e-01 -1.7635e+00 +1.3485e-01 -1.8804e-01 +1.8541e+00 +6.2766e-01 -9.4167e-01 -1.5384e+00 +2.4775e+00
303 0 +5.811143844e+02 +6.424543844e+02 +6.424543844e+02 +4.9591e-01 +3.1520e-01 -1.2665e+00 +4.8104e-01 -4.2192e-01 +5.8156e-01 -2.6093e-01 -5.4638e-01 -9.3018e-01 +1.2105e+00
411 0 +5.340663581e+02 +5.954063581e+02 +5.954063581e+02 +4.9591e-01 +3.1520e-01 -1.2665e+00 +3.0966e-01 -4.2192e-01 +5.8156e-01 -2.6093e-01 -5.4638e-01 -9.3018e-01 +1.2105e+00
