% f evaluations | g evaluations | best noise-free fitness - Fopt (-4.620900000000e+02) + sum g_i+ | measured fitness | best measured fitness or single-digit g-values | x1 | x2...
1 0 +2.832220830e+03 +2.370130830e+03 +2.370130830e+03 +1.5248e+00 -2.4519e+00 -6.7374e-01 -1.2431e+00 +3.6553e+00 -2.2566e+00 +1.6218e+00 +2.1168e+00 +2.5636e-01 -3.9356e+00 +3.0909e+00 +4.9472e-01 +1.8796e+00 +4.1524e+00 +2.3088e+00 +1.0804e+00 -1.9308e+00 -1.2334e+00 -1.0987e+00 -3.1297e-01
2 0 +1.224562756e+03 +7.624727557e+02 +7.624727557e+02 -2.1689e+00 +4.7176e+00 +3.0926e-01 -1.1981e+00 -2.2474e+00 +1.2005e+00 -4.9801e+00 -2.8682e+00 -1.0055e+00 -1.9015e+00 +9.0237e-01 -2.8066e+00 +9.2897e-01 +2.4373e+00 +2.7354e-01 -4.8021e+00 -2.1271e+00 -2.4307e+00 -1.5837e+00 +2.9038e+00
10 0 +6.805875816e+02 +2.184975816e+02 +2.184975816e+02 +3.5774e+00 +4.9551e+00 +1.1457e+00 -2.9618e+00 -1.9412e+00 -1.1425e-01 +9.6842e-01 +1.4391e+00 +4.5829e+00 -1.4395e+00 -2.2229e+00 -1.4834e-01 -5.5638e-01 -4.3429e+00 -9.5396e-01 -2.3029e-01 -3.8568e+00 +3.6361e+00 -1.9802e+00 +1.9223e+00
41 0 +6.567648658e+02 +1.946748658e+02 +1.946748658e+02 +3.5774e+00 +4.9551e+00 +1.1457e+00 -2.9618e+00 -1.9412e+00 -1.1425e-01 +9.6842e-01 +1.4391e+00 +4.5829e+00 -1.4395e+00 -2.2229e+00 -1.4834e-01 -5.5638e-01 -4.3429e+00 -9.5396e-01 -2.9981e-01 -3.8568e+00 +3.6361e+00 -1.9802e+00 +1.9223e+00
202 0 +6.137234352e+02 +1.516334352e+02 +1.516334352e+02 +3.3785e+00 +4.6534e+00 +1.1125e+00 -2.8680e+00 -1.8722e+00 -1.2441e-01 +9.6921e-01 +1.2849e+00 +4.3183e+00 -1.4233e+00 -2.1893e+00 -2.4023e-01 -6.4455e-01 -4.1611e+00 -9.2830e-01 -4.5332e-01 -3.5937e+00 +3.6008e+00 -2.0080e+00 +1.9809e+00
% f evaluations | g evaluations | best noise-free fitness - Fopt (7.766000000000e+01) + sum g_i+ | measured fitness | best measured fitness or single-digit g-values | x1 | x2...
1 0 +1.503148303e+03 +1.580808303e+03 +1.580808303e+03 +3.4029e+00 +4.4125e+00 +2.5416e+00 +3.4163e-01 -8.4009e-03 +3.9310e+00 -8.4848e-01 +3.4516e+00 +1.5901e+00 -2.6392e+00 -6.3957e-01 +1.3306e+00 -5.2310e-01 -2.2497e-01 +2.6563e+00 -3.4399e-01 -1.9561e+00 +7.0969e-01 +2.1390e+00 -1.6491e-01
3 0 +9.297353326e+02 +1.007395333e+03 +1.007395333e+03 +1.9641e+00 -2.9142e+00 +2.0001e+00 +8.4803e-01 +8.8373e-02 +1.0561e+00 +1.2679e-01 -8.3687e-01 -3.9960e+00 +1.3704e+00 +9.2245e-01 -2.7880e+00 +3.4362e+00 +2.1582e+00 -2.4046e+00 -1.1411e+00 +3.5275e-01 -2.8901e+00 +3.7165e+00 -5.5635e-01
152 0 +8.944805500e+02 +9.721405500e+02 +9.721405500e+02 -2.4180e-01 -1.9619e-01 +2.4906e+00 +1.3783e+00 -2.3519e-01 +3.2377e+00 -2.7966e-01 -6.7065e-01 +1.7003e+00 -2.5009e+00 +5.7217e-01 +1.7779e+00 +2.5665e-02 -2.0405e+00 +1.1792e+00 +1.3657e+00 -1.0574e+00 -1.8089e-01 -1.3369e+00 -9.4012e-01
211 0 +6.703424453e+02 +7.480024453e+02 +7.480024453e+02 +2.1171e+00 +2.3348e+00 +2.0345e+00 +1.2311e+00 -1.6488e+00 +1.5325e+00 +6.4269e-01 +1.3922e+00 +1.9047e+00 -1.8222e+00 +8.4718e-01 +1.8565e+00 +1.1387e+00 -5.8525e-01 -1.9641e-01 +6.2581e-01 -1.5005e+00 +6.6821e-01 -1.8828e-01 -1.6535e+00
% f evaluations | g evaluations | best noise-free fitness - Fopt (1.156800000000e+02) + sum g_i+ | measured fitness | best measured fitness or single-digit g-values | x1 | x2...
1 0 +2.170079137e+03 +2.285759137e+03 +2.285759137e+03 +1.2851e+00 -8.8859e-01 +2.9997e+00 +9.2920e-03 -2.2914e+00 +4.2756e+00 +1.6052e+00 -6.8567e-01 -9.5036e-01 -2.6190e+00 -4.1770e-01 -5.2724e-01 +3.9090e+00 -2.7688e+00 -1.9209e+00 +2.5380e+00 +1.7056e+00 +2.5871e+00 -2.0437e+00 +4.5576e-01
3 0 +2.031060079e+03 +2.146740079e+03 +2.146740079e+03 +8.3905e-01 +4.1629e+00 +2.2438e+00 -3.7759e+00 +1.8213e+00 +1.5221e+00 -2.7954e+00 -3.7847e+00 +9.9421e-01 +1.0691e+00 -5.1575e-01 +1.1483e+00 -3.0525e-01 -1.8622e+00 -1.4460e+00 +2.0586e-01 -2.4651e+00 +2.1430e+00 +3.1941e-01 +4.1235e+00
6 0 +1.977331583e+03 +2.093011583e+03 +2.093011583e+03 +4.8821e+00 +1.2024e+00 -2.6607e+00 -7.6211e-01 +9.4302e-02 +1.9682e+00 -2.3757e+00 -3.6427e+00 +2.0847e+00 -3.3663e-01 -4.7783e-01 +3.1982e+00 +1.0097e+00 +1.9973e+00 -1.4759e+00 -2.2858e+00 +2.4252e+00 -2.7001e-01 -3.3988e+00 +1.5141e+00
7 0 +1.924178678e+03 +2.039858678e+03 +2.039858678e+03 +4.8872e+00 -2.3501e+00 -1.7723e+00 +4.2145e-01 -1.0785e+00 +3.2103e+00 -1.4952e+00 -2.7800e+00 +3.3152e+00 -2.3825e+00 -2.4049e+00 +2.3547e+00 +3.1504e-03 -6.8733e-01 -1.6505e+00 -9.8727e-02 +1.5804e+00 +6.1434e-01 -3.6591e+00 +1.9380e+00
9 0 +1.628341225e+03 +1.744021225e+03 +1.744021225e+03 +1.7531e+00 -3.1661e+00 +4.7105e+00 -1.7925e+00 -1.6481e+00 -2.0201e+00 +3.8515e+00 +2.3694e+00 -2.8422e+00 +1.0997e+00 +5.3773e-01 +4.4601e+00 +5.8442e-01 +1.8078e+00 -2.9706e+00 -2.3933e+00 +7.7554e-01 +2.7788e+00 +1.7366e-01 +1.9116e+00
20 0 +1.382945097e+03 +1.498625097e+03 +1.498625097e+03 +2.4071e+00 -4.8266e+00 -1.6941e+00 -2.6780e+00 +1.8214e+00 +3.6907e+00 +2.0075e+00 -1.2018e+00 -2.7345e+00 -2.8891e+00 +4.6011e+00 -4.6061e+00 -2.6401e+00 -4.7370e+00 +4.9643e-01 -4.0293e+00 +3.3014e+00 +4.9595e-01 +3.1921e+00 -4.0525e+00
21 0 +1.193917087e+03 +1.309597087e+03 +1.309597087e+03 -4.9861e+00 +4.4217e+00 +3.5143e+00 -2.8418e+00 +3.2589e+00 -1.8512e+00 -2.1687e+00 +4.4759e+00 -2.0494e+00 +1.4187e+00 -2.7058e+00 -9.1623e-01 -2.9533e+00 +3.0280e+00 -4.4204e+00 -2.3368e+00 +2.2187e+00 -1.6597e+00 -1.2670e+00 -9.8345e-01
55 0 +1.146758110e+03 +1.262438110e+03 +1.262438110e+03 +3.9771e+00 +8.6338e-02 -8.0176e-01 +1.9167e+00 +4.8122e-01 +1.9618e+00 -1.7292e+00 +4.6380e-01 -3.5145e-01 +5.6276e-01 -1.1777e-01 -7.3549e-01 +4.2337e-01 +1.6974e+00 +1.2336e+00 +1.9943e-01 -1.6075e+00 +1.7288e+00 -2.9452e+00 +1.3756e+00
202 0 +1.036928753e+03 +1.152608753e+03 +1.152608753e+03 +5.0248e-01 +3.4995e-02 +6.9853e-01 +8.1632e-01 -7.4953e-01 +5.0103e-01 -1.8755e+00 -1.8190e-01 +6.6278e-01 -1.8559e+00 -2.0341e+00 +1.0989e+00 +1.2462e+00 -2.1415e+00 -1.5492e+00 -1.4771e+00 -3.1749e-01 +2.2444e+00 -1.8222e-01 +1.4521e+00
303 0 +1.014340237e+03 +1.130020237e+03 +1.130020237e+03 +5.2036e-01 -1.8816e-02 +1.3975e+00 +8.8884e-01 -1.2785e+00 +7.6459e-01 -1.3632e+00 -4.7687e-01 +6.1152e-02 -1.6807e+00 -2.1942e+00 +6.3033e-01 +1.2736e+00 -1.5900e+00 -1.8488e+00 -1.2554e+00 +4.4295e-01 +2.2604e+00 -7.3257e-01 +1.0960e+00
355 0 +9.196208036e+02 +1.035300804e+03 +1.035300804e+03 +7.2913e-01 +8.0305e-01 +1.6624e+00 -6.7308e-01 -1.3076e+00 -5.1346e-01 -1.3317e+00 +1.3358e+00 -5.0270e-01 -4.8172e-01 +5.2777e-01 -1.7182e+00 -1.3248e-01 -1.7092e+00 -7.6076e-01 -1.4614e+00 +1.3828e+00 +8.7758e-01 -2.7038e+00 +1.0267e+00
409 0 +9.010685618e+02 +1.016748562e+03 +1.016748562e+03 +1.0522e+00 +1.1220e+00 +1.1962e+00 -1.0158e+00 -1.0016e+00 -8.1985e-01 -1.5591e+00 +1.8000e+00 -7.1722e-02 -4.3014e-01 +1.3678e+00 -1.6823e+00 -6.5543e-01 -2.1529e+00 -4.4303e-01 -1.7990e+00 +8.9871e-01 +6.5256e-01 -2.5917e+00 +1.4013e+00
% f evaluations | g evaluations | best noise-free fitness - Fopt (-3.710000000000e+00) + sum g_i+ | measured fitness | best measured fitness or single-digit g-values | x1 | x2...
1 0 +1.593597065e+03 +1.589887065e+03 +1.589887065e+03 -4.8600e+00 -4.4461e+00 +3.9505e+00 -6.2717e-01 -2.3300e+00 -1.1394e+00 -1.9218e+00 -1.5432e+00 +1.4792e-01 -1.2652e+00 -1.4600e+00 -2.0930e+00 -1.8951e+00 +6.4779e-01 -3.0963e-01 +5.5886e-01 -1.6019e+00 +9.5589e-01 -3.4094e-01 +6.4723e-01
4 0 +1.561923202e+03 +1.558213202e+03 +1.558213202e+03 -4.0716e+00 -4.4398e+00 +3.2207e+00 -3.2791e-01 -2.0255e+00 -1.4588e+00 -1.7395e+00 -1.3879e+00 +3.7648e-01 -1.0574e+00 -1.4513e+00 -2.0489e+00 -1.9507e+00 +2.9531e-01 -3.3629e-01 +7.8581e-01 -1.3714e+00 +1.0127e+00 -2.1880e-01 +7.3031e-01
6 0 +9.729834509e+02 +9.692734509e+02 +9.692734509e+02 -8.4414e-01 -4.4193e+00 +4.1394e-01 -2.6121e+00 +7.1899e-01 -2.2881e+00 -7.1301e-01 +2.4931e-02 -4.6864e-01 -1.8979e+00 -5.2128e-01 -2.6307e+00 +7.9455e-01 +5.9297e-01 -6.3429e-02 +1.7250e-01 -1.0237e+00 +3.0546e-01 +6.0470e-01 -9.2071e-01
8 0 +8.216724487e+02 +8.179624487e+02 +8.179624487e+02 +3.2561e+00 -4.3218e+00 -3.1566e+00 -4.5975e+00 +3.8706e+00 -3.4433e+00 +5.4304e-01 +1.6534e+00 -1.1700e+00 -2.4905e+00 +3.7421e-01 -3.2268e+00 +3.5506e+00 +5.6404e-01 +1.8364e-01 -3.3385e-01 -3.5865e-01 -4.0758e-01 +1.6096e+00 -2.5539e+00
260 0 +8.103082701e+02 +8.065982701e+02 +8.065982701e+02 +1.9207e+00 -3.5666e+00 -2.4283e+00 -3.5652e+00 +3.2376e+00 -1.8534e+00 +6.1680e-01 +2.1378e+00 -8.8895e-01 -6.6458e-01 +1.0741e+00 -2.8057e+00 +1.6761e+00 +3.4855e-01 +2.3436e-01 -1.5137e-01 -2.3382e-01 +2.8410e-01 +1.1240e+00 -1.8601e+00
% f evaluations | g evaluations | best noise-free fitness - Fopt (1.321800000000e+02) + sum g_i+ | measured fitness | best measured fitness or single-digit g-values | x1 | x2...
1 0 +1.066210676e+03 +1.198390676e+03 +1.198390676e+03 +1.3657e-02 +1.3703e+00 +4.7103e+00 -1.6218e+00 -1.2606e-01 -3.3495e+00 +3.7158e+00 -2.0920e+00 +3.2984e-02 -1.3157e+00 +5.0085e-01 -3.8594e+00 +8.0664e-02 +4.9597e+00 +2.0590e-01 -2.3764e+00 +4.5362e-01 +3.1531e+00 +7.4009e-01 -1.0905e+00
4 0 +9.782812392e+02 +1.110461239e+03 +1.110461239e+03 -2.0325e+00 +2.3543e+00 -2.0878e+00 +5.4578e-01 -2.5511e+00 +2.8884e+00 +1.5112e+00 -3.7070e-01 -9.9139e-02 +3.4253e+00 +7.3099e-01 +7.2228e-01 -1.1470e+00 +3.6887e+00 -3.7535e-02 -2.1386e+00 +1.5733e+00 +1.6188e+00 +2.2598e+00 +2.3471e-01
5 0 +7.952261367e+02 +9.274061367e+02 +9.274061367e+02 -3.9594e+00 -6.4798e-01 -4.7710e-01 -3.0786e+00 -4.3435e-01 +2.0377e+00 -3.4245e+00 +1.2755e+00 -2.9105e+00 -2.0305e+00 -3.0680e-01 +2.4928e+00 +3.6415e+00 -8.7524e-01 -1.5312e+00 -7.9267e-01 +2.2120e+00 +1.1899e+00 +3.0345e-01 +1.2205e+00
7 0 +7.045975588e+02 +8.367775588e+02 +8.367775588e+02 -3.8119e+00 +1.5310e+00 +1.5289e+00 +1.0411e+00 +2.9572e+00 -2.0622e-02 -2.5061e+00 +1.2189e+00 -2.1848e+00 -1.4614e+00 +1.2192e-01 +2.4348e+00 +1.2823e+00 -4.2964e+00 -2.8035e+00 -6.8358e-01 +7.2079e-01 +2.3438e+00 -1.8534e-01 +2.5231e+00
54 0 +5.822482417e+02 +7.144282417e+02 +7.144282417e+02 -6.8480e-01 +2.3236e+00 -8.2486e-01 -1.1039e+00 -1.2022e+00 +9.8279e-01 -2.8374e+00 +8.2668e-02 +6.2012e-01 +1.5907e+00 +9.8831e-01 +2.8493e+00 +2.0612e+00 +5.1286e-01 +1.0658e-01 +1.1479e+00 -9.9837e-01 +1.9143e+00 -1.4800e-01 -4.0365e-01
% f evaluations | g evaluations | best noise-free fitness - Fopt (-3.930000000000e+01) + sum g_i+ | measured fitness | best measured fitness or single-digit g-values | x1 | x2...
1 0 +2.800360459e+03 +2.761060459e+03 +2.761060459e+03 +3.7026e+00 -1.5617e+00 +3.1212e+00 -1.0088e+00 +3.6244e+00 +2.7603e+00 +1.1738e+00 +5.9766e-01 -2.5858e+00 +3.5438e+00 -8.0188e-01 -7.8301e-01 +3.0423e+00 -3.1651e+00 +2.6837e+00 -4.6630e-01 -2.4963e+00 -2.3984e-01 +7.8493e-01 +4.4265e-01
2 0 +1.498124579e+03 +1.458824579e+03 +1.458824579e+03 -3.7105e+00 +2.1851e+00 +3.2070e-01 -2.7439e+00 -3.4503e+00 +3.1615e-01 -1.9531e+00 -3.3570e+00 +1.6442e-01 +7.5252e-01 +1.8676e+00 -1.2932e+00 -2.4075e+00 -7.9255e-01 -1.2858e+00 -1.8578e+00 -5.0799e-01 +6.9352e-01 -1.6056e+00 +7.6995e-01
3 0 +1.297511489e+03 +1.258211489e+03 +1.258211489e+03 -3.7601e+00 +1.5764e+00 +3.9703e-01 -2.8168e+00 -2.8899e+00 -1.2750e+00 -9.3545e-01 -3.4806e+00 +5.1911e-01 -8.6913e-01 +2.5815e+00 -8.7289e-01 -2.7580e+00 -4.4019e-01 -6.7590e-01 -1.4648e+00 +6.7510e-01 +4.7301e-01 -1.1004e+00 +5.4231e-01
8 0 +1.071251179e+03 +1.031951179e+03 +1.031951179e+03 +2.0177e+00 +1.6908e+00 +2.1054e+00 +7.8466e-01 +3.2066e-02 -4.0122e+00 +6.7650e-01 -2.4149e+00 +1.0702e+00 -2.1060e+00 -2.6416e+00 +5.8389e-01 -2.2039e+00 -2.6014e+00 -2.4484e+00 +3.1246e+00 +3.9050e+00 +2.0120e-01 +2.0923e+00 -4.9956e-02
12 0 +7.418591248e+02 +7.025591248e+02 +7.025591248e+02 +4.8543e+00 +3.9253e+00 -3.9230e+00 +3.1358e+00 -1.6438e+00 -3.3659e+00 +4.3613e+00 -1.3344e+00 +1.5982e+00 -2.5719e-01 +3.6180e+00 +4.4455e+00 +1.8577e+00 -9.0999e-01 -4.8864e+00 -2.0592e+00 +2.6687e+00 -3.7341e-01 -5.8097e-01 -4.9888e+00
15 0 +7.266207751e+02 +6.873207751e+02 +6.873207751e+02 +4.8543e+00 +3.9253e+00 -3.9230e+00 +3.1358e+00 -1.6438e+00 -3.3659e+00 +4.3613e+00 -1.3344e+00 +1.8503e+00 -2.5719e-01 +3.6180e+00 +4.4455e+00 +1.8577e+00 -9.0999e-01 -4.8864e+00 -2.0592e+00 +2.6687e+00 -3.7341e-01 -5.8097e-01 -4.9888e+00
103 0 +7.197114917e+02 +6.804114917e+02 +6.804114917e+02 +2.0981e+00 +5.3672e-01 +2.0423e+00 +6.5085e-01 +1.5915e+00 -5.4152e-01 +1.8854e+00 -1.4739e+00 -3.6764e-01 -2.1240e-01 -1.6480e+00 -6.7393e-01 +7.5314e-01 -1.2128e+00 -2.7894e+00 +1.7998e+00 +1.7132e+00 +1.5050e+00 +2.4753e+00 -1.2967e+00
255 0 +5.866513601e+02 +5.473513601e+02 +5.473513601e+02 +3.2272e+00 +3.1779e+00 -3.4578e+00 +3.0741e+00 -1.8109e+00 -2.2012e+00 +3.6242e+00 -1.4381e+00 +1.3079e+00 -6.2177e-01 +2.9275e+00 +3.7324e+00 +1.6723e+00 -4.1908e-01 -4.1487e+00 -1.4320e+00 +2.1310e+00 +3.0643e-01 -1.5933e-01 -3.2776e+00
303 0 +5.350811654e+02 +4.957811654e+02 +4.957811654e+02 +3.1558e+00 +3.1092e+00 -3.2664e+00 +2.9895e+00 -1.7545e+00 -2.2347e+00 +3.5427e+00 -1.4695e+00 +1.2818e+00 -6.8412e-01 +2.8064e+00 +3.6317e+00 +1.5424e+00 -4.8240e-01 -4.0906e+00 -1.2706e+00 +2.1917e+00 +3.2770e-01 -9.1158e-02 -3.1440e+00
355 0 +4.723822502e+02 +4.330822502e+02 +4.330822502e+02 +2.9742e+00 +3.1946e+00 -3.1772e+00 +3.0222e+00 -1.4373e+00 -1.9274e+00 +3.5304e+00 -1.2341e+00 +1.2986e+00 -6.0417e-01 +2.9078e+00 +3.5133e+00 +1.3773e+00 -5.0279e-01 -3.9039e+00 -1.0024e+00 +2.2080e+00 +3.3962e-01 -9.7327e-02 -2.9514e+00
% f evaluations | g evaluations | best noise-free fitness - Fopt (4.296000000000e+01) + sum g_i+ | measured fitness | best measured fitness or single-digit g-values | x1 | x2...
1 0 +7.953014698e+02 +8.382614698e+02 +8.382614698e+02 +5.4988e-01 +1.8599e+00 -1.9396e+00 -2.4004e+00 +2.6479e+00 +1.1558e+00 -3.2534e+00 +3.0636e-01 +1.9054e+00 -1.2214e+00 +3.7270e+00 +3.5147e+00 -2.6840e-01 -1.5416e+00 -1.9136e+00 +3.6624e-01 -1.1856e+00 -5.1359e-01 -2.9645e-01 -1.1304e-01
3 0 +7.730863615e+02 +8.160463615e+02 +8.160463615e+02 +1.7322e+00 +7.7369e-01 -2.3962e+00 -1.6810e+00 +6.8872e-01 +6.2696e-01 +1.4088e+00 -1.9686e+00 +1.8397e+00 -1.2748e+00 -1.1674e+00 +1.8919e+00 +2.4413e+00 -2.9354e+00 -1.5510e-01 -3.1521e+00 +1.0670e-01 -1.5275e+00 -1.6906e+00 +3.2495e-01
5 0 +6.277775891e+02 +6.707375891e+02 +6.707375891e+02 +1.8142e+00 +2.6936e+00 +3.2939e+00 -5.2571e-01 -2.8926e+00 +3.7048e+00 +1.5849e+00 +1.8884e-01 +2.1526e+00 +3.4064e+00 -1.6499e+00 +2.5500e+00 -1.6105e+00 -2.9862e-01 -1.1850e+00 +2.0242e+00 +4.0692e-01 +4.9827e-01 -4.3195e+00 +9.4812e-01
17 0 +5.780739356e+02 +6.210339356e+02 +6.210339356e+02 +1.8646e+00 +2.7268e+00 +3.5024e+00 -4.5100e-01 -3.1134e+00 +3.8064e+00 +1.7777e+00 +1.8416e-01 +2.1624e+00 +3.5908e+00 -1.8642e+00 +2.5115e+00 -1.6639e+00 -2.4908e-01 -1.1560e+00 +2.0903e+00 +4.7038e-01 +5.3859e-01 -4.4798e+00 +9.9041e-01
163 0 +5.258789568e+02 +5.688389568e+02 +5.688389568e+02 +1.8646e+00 +2.7268e+00 +3.5024e+00 -4.5100e-01 -3.1134e+00 +2.5125e+00 +1.7777e+00 +1.8416e-01 +2.1624e+00 +3.5908e+00 -1.8642e+00 +2.5115e+00 -1.6639e+00 -2.4908e-01 -1.1560e+00 +2.0903e+00 +4.7038e-01 +5.3859e-01 -4.4798e+00 +9.9041e-01
212 0 +5.163841426e+02 +5.593441426e+02 +5.593441426e+02 +1.8646e+00 +2.7268e+00 +3.5024e+00 -4.5100e-01 -3.1134e+00 +2.5125e+00 +1.7777e+00 +1.8416e-01 +2.1624e+00 +2.5101e+00 -1.8642e+00 +2.5115e+00 -1.6639e+00 -2.4908e-01 -1.1560e+00 +2.0903e+00 +4.7038e-01 +5.3859e-01 -4.4798e+00 +9.9041e-01
% f evaluations | g evaluations | best noise-free fitness - Fopt (2.842200000000e+02) + sum g_i+ | measured fitness | best measured fitness or single-digit g-values | x1 | x2...
1 0 +1.286532368e+03 +1.570752368e+03 +1.570752368e+03 -1.8132e+00 +3.1590e+00 +2.4471e+00 -9.8464e-01 -3.3945e+00 +1.5372e+00 +6.6228e-01 +2.4800e+00 -2.8390e+00 +1.4484e+00 +3.0013e-01 +7.8640e-02 -1.1203e+00 +2.1038e+00 -4.1844e+00 -1.5853e+00 -7.0419e-01 -7.5320e-01 +3.0346e-02 -3.0281e+00
2 0 +1.270142614e+03 +1.554362614e+03 +1.554362614e+03 -1.7919e+00 +3.1235e+00 +2.4084e+00 -1.0639e+00 -3.3221e+00 +1.4252e+00 +6.3726e-01 +2.3885e+00 -2.7972e+00 +1.4204e+00 +3.2739e-01 +9.8438e-02 -1.0815e+00 +2.0661e+00 -4.0787e+00 -1.4363e+00 -7.4555e-01 -7.8649e-01 -4.0223e-02 -2.8373e+00
104 0 +1.256150890e+03 +1.540370890e+03 +1.540370890e+03 -4.5948e-01 +2.2904e+00 +1.6996e+00 -1.1829e+00 -2.8650e+00 -5.8125e-02 +1.1858e+00 +8.3746e-01 -1.2190e+00 +1.1805e+00 +4.2244e-01 -3.5603e-01 -8.2016e-01 +2.3715e+00 -2.4547e+00 -2.0322e+00 -5.5985e-01 -7.7211e-01 +2.7013e-01 -1.6683e+00
107 0 +1.221963211e+03 +1.506183211e+03 +1.506183211e+03 -1.5893e-01 +1.5625e+00 +8.9789e-01 -1.0786e+00 -2.9894e+00 +3.1631e-01 +9.0671e-01 +4.1377e-01 -1.5709e+00 +8.4057e-01 +8.9938e-01 -1.4447e-01 -3.1305e-01 +2.3442e+00 -1.5682e+00 -1.7292e+00 -7.9820e-01 -3.6618e-01 -2.7428e-01 -1.9381e+00
212 0 +8.345574707e+02 +1.118777471e+03 +1.118777471e+03 -2.0258e+00 +2.5606e+00 +2.6002e+00 -4.7415e-01 -2.6329e+00 +1.3032e+00 +7.0825e-01 +2.1438e+00 -2.0849e+00 +9.4395e-01 +6.3152e-01 -4.0320e-01 -1.2080e+00 +5.4227e-01 -3.9491e+00 -1.1191e+00 -9.7953e-01 -4.6914e-01 +3.6585e-01 -2.9419e+00
464 0 +7.771251350e+02 +1.061345135e+03 +1.061345135e+03 -2.0258e+00 +2.5606e+00 +2.6002e+00 -4.7415e-01 -2.6329e+00 +1.3032e+00 +7.0825e-01 +2.0132e+00 -2.0849e+00 +9.4395e-01 +6.3152e-01 -4.0320e-01 -1.2080e+00 +2.5985e-02 -3.9491e+00 -1.1191e+00 -9.7953e-01 -4.6914e-01 +3.6585e-01 -2.9419e+00
863 0 +7.689644387e+02 +1.053184439e+03 +1.053184439e+03 -2.0258e+00 +2.5606e+00 +2.6002e+00 -4.7415e-01 -2.6329e+00 +1.3032e+00 +5.8600e-01 +2.0132e+00 -2.0849e+00 +9.4395e-01 +6.3152e-01 -4.0320e-01 -1.2080e+00 +2.5985e-02 -3.9491e+00 -1.1191e+00 -9.7953e-01 -4.6914e-01 +3.6585e-01 -2.9419e+00
% f evaluations | g evaluations | best noise-free fitness - Fopt (-3.217000000000e+01) + sum g_i+ | measured fitness | best measured fitness or single-digit g-values | x1 | x2...
1 0 +1.510690087e+03 +1.478520087e+03 +1.478520087e+03 +4.8492e+00 -1.6467e+00 +1.6158e+00 +4.8745e-01 +7.2082e-01 +8.3856e-01 -1.1653e+00 +3.5041e+00 +3.7749e+00 -3.0056e+00 +3.8834e+00 +6.2776e-01 -6.1059e-01 +1.5327e+00 -2.4213e+00 +1.3903e-02 -1.9017e+00 +1.6503e+00 +7.0536e-01 +2.5873e+00
2 0 +1.324416132e+03 +1.292246132e+03 +1.292246132e+03 -1.3074e+00 +8.6262e-01 -3.6426e+00 -2.1344e+00 +2.4708e+00 -3.8023e-01 +1.3127e+00 -4.2005e+00 -4.6415e-01 +3.4252e+00 +2.4218e+00 -3.0455e+00 +3.8101e+00 -6.5834e-01 +1.6817e+00 +1.3960e+00 -7.8108e-01 -3.8383e+00 -3.6004e-01 -9.3318e-01
3 0 +8.660566672e+02 +8.338866672e+02 +8.338866672e+02 -1.7829e+00 +5.4880e-01 +2.1604e+00 +3.7106e+00 -1.3823e+00 +1.5765e+00 -2.9694e+00 +2.6174e+00 -4.4961e+00 -1.0304e+00 -4.8521e-01 +2.8972e+00 +1.2567e+00 +3.5757e+00 +1.0881e+00 +7.4740e-02 -2.5895e+00 -3.3336e+00 +7.3798e-01 -3.5998e+00
4 0 +7.597400400e+02 +7.275700400e+02 +7.275700400e+02 -9.3144e-01 +2.5904e-03 +2.6515e+00 +3.6764e+00 -2.1056e+00 +2.4635e-01 -3.0268e+00 +3.3369e+00 -2.6276e+00 -1.4733e+00 -1.0267e-01 +2.1678e+00 +5.8946e-02 +2.0010e+00 -1.3687e-01 -7.3742e-01 -2.6380e+00 -2.9641e+00 +7.5719e-01 -2.3981e+00
58 0 +7.115172926e+02 +6.793472926e+02 +6.793472926e+02 +4.4588e+00 -2.4111e+00 +2.2048e+00 -5.5587e-01 -1.4179e+00 -2.6874e+00 -3.1420e+00 +2.4749e+00 -7.2225e-01 -8.8217e-01 -7.7178e-01 -2.7711e+00 -2.4558e-01 +1.5874e+00 -1.6477e+00 -2.0005e+00 -7.8360e-02 -3.9519e-02 -4.2759e-01 -2.0030e+00
59 0 +6.924883196e+02 +6.603183196e+02 +6.603183196e+02 +4.6092e+00 -2.1167e+00 +1.9779e+00 -1.5400e-01 -5.9409e-01 -1.3293e+00 -2.3806e+00 +2.8713e+00 +1.0100e+00 -1.7001e+00 +1.0213e+00 -1.4619e+00 -3.8618e-01 +1.5663e+00 -1.9457e+00 -1.2246e+00 -7.8067e-01 +6.1137e-01 +8.8021e-03 -2.3489e-01
108 0 +6.153840920e+02 +5.832140920e+02 +5.832140920e+02 +1.3278e+00 -5.5439e-01 -1.2099e-01 -2.7487e-01 +4.3834e-01 -4.9677e-01 -1.0777e+00 +1.5170e-01 -4.4470e-01 +3.5004e-01 +1.3064e+00 -1.3520e+00 +1.4705e+00 +1.0509e+00 -7.7986e-02 -2.0591e-02 -1.0753e+00 -1.7161e+00 -1.2178e-02 -1.0472e+00
% f evaluations | g evaluations | best noise-free fitness - Fopt (-5.858000000000e+01) + sum g_i+ | measured fitness | best measured fitness or single-digit g-values | x1 | x2...
1 0 +2.031220609e+03 +1.972640609e+03 +1.972640609e+03 +2.1635e+00 +2.0689e+00 -4.3288e+00 -2.5261e+00 +2.4128e+00 +4.5215e+00 -2.0014e+00 -9.2569e-01 -2.2217e+00 -1.2886e+00 -1.2088e+00 +4.9609e+00 +5.9760e-01 -1.5947e+00 +1.0587e+00 -1.1381e+00 +2.0657e+00 -4.6153e-01 -7.2865e-01 -5.0160e-01
2 0 +1.117259392e+03 +1.058679392e+03 +1.058679392e+03 -4.2490e+00 +3.2806e+00 +9.0159e-01 +1.8033e+00 -1.1073e+00 +2.2740e+00 +3.1314e+00 +2.7368e+00 +1.1335e+00 +1.1290e+00 +3.0161e+00 -4.0512e+00 +3.3889e+00 +1.8616e+00 +2.5631e-01 -1.6031e+00 -7.7296e-01 -5.9940e-01 +1.6257e+00 -1.3043e+00
3 0 +1.005617259e+03 +9.470372585e+02 +9.470372585e+02 -1.8858e+00 +2.1358e+00 +1.1992e+00 +4.2866e+00 +1.8780e+00 +2.3031e+00 +2.2857e+00 -2.2716e-02 +3.9857e+00 +2.1079e+00 -2.9442e+00 -1.8669e+00 -1.6330e+00 -1.7811e+00 -4.8972e-01 -1.6520e+00 -1.6038e+00 -5.7078e-01 +2.2807e+00 +4.6427e-01
4 0 +9.338802292e+02 +8.753002292e+02 +8.753002292e+02 -1.3939e-02 +6.5157e-01 -1.6211e+00 +1.0987e+00 -7.0420e-01 +9.9499e-02 +1.4074e-01 +1.0012e+00 -4.1225e-01 -4.8357e+00 +1.0790e+00 +5.0847e-01 +7.5703e-01 -1.1122e+00 -5.1597e-01 +7.8339e-01 +6.5314e-02 -1.4297e+00 -1.3536e+00 +1.9298e-01
5 0 +8.924052365e+02 +8.338252365e+02 +8.338252365e+02 -6.0295e-01 +5.5825e-01 -1.3950e+00 +8.4150e-01 -7.4771e-01 -4.3065e-01 -4.9111e-01 +8.7062e-01 -6.7515e-01 -4.8333e+00 +1.3029e+00 +1.0793e+00 -1.6496e-02 -1.5399e+00 -7.2064e-01 +9.1231e-01 -4.0888e-01 -1.2112e+00 -1.0660e+00 +3.8208e-01
26 0 +8.658076423e+02 +8.072276423e+02 +8.072276423e+02 -4.3653e+00 -1.6472e+00 +4.4932e+00 -2.7744e+00 -1.1963e+00 -6.0203e-01 -6.0381e-01 -1.5481e+00 -8.6148e-01 -3.0195e+00 +5.7581e-01 -2.2259e+00 -4.9007e+00 -1.0104e+00 -2.5086e+00 +3.9130e+00 -3.9422e+00 +1.8844e+00 +2.2312e+00 -3.1711e+00
59 0 +8.202211646e+02 +7.616411646e+02 +7.616411646e+02 -1.0476e+00 -5.5092e-03 -6.6134e-01 +1.1076e+00 -7.4731e-01 -6.0122e-01 -3.6534e-01 +1.9916e-01 -8.2193e-01 -4.0222e+00 +9.9639e-01 +1.3519e+00 -5.7500e-01 -1.8992e+00 -1.2473e+00 +4.0435e-01 -5.5849e-01 -4.4477e-01 -9.0890e-01 +1.7256e-02
353 0 +7.940445449e+02 +7.354645449e+02 +7.354645449e+02 -2.3387e-01 +4.0457e-01 -1.0967e+00 +1.8152e-01 +1.8446e+00 +1.4462e+00 -1.5455e+00 -9.2983e-02 -4.4288e-01 -5.3071e-01 +8.3462e-01 -7.9921e-01 +1.8656e-01 -1.5108e+00 +3.6202e-01 +2.2829e-01 +8.4204e-01 -5.4491e-01 -5.3666e-01 -7.2039e-01
404 0 +6.865439454e+02 +6.279639454e+02 +6.279639454e+02 -2.5807e+00 +4.4869e-01 +1.0618e+00 +1.7902e-01 +2.2200e+00 +9.4341e-01 -3.6127e-01 +2.1611e+00 -2.2604e+00 -1.9801e+00 +2.1209e+00 -1.7632e+00 -5.8427e-01 -1.1049e+00 +1.1355e+00 +4.1573e-01 -8.4409e-01 +2.5182e+00 -3.9216e-01 -1.2323e+00
% f evaluations | g evaluations | best noise-free fitness - Fopt (-6.049200000000e+02) + sum g_i+ | measured fitness | best measured fitness or single-digit g-values | x1 | x2...
1 0 +1.458706409e+03 +8.537864095e+02 +8.537864095e+02 -3.8533e+00 -2.6197e-01 -7.9858e-01 -4.1444e+00 +4.5033e+00 -4.3890e+00 -2.8499e+00 -9.1695e-01 +5.8181e-01 -1.2575e-01 +1.0491e-01 +1.1789e+00 +2.6562e+00 -2.6858e+00 -2.6215e+00 +9.0790e-01 +5.5696e-01 -1.4952e+00 +3.3863e+00 +1.8871e+00
4 0 +1.272486467e+03 +6.675664674e+02 +6.675664674e+02 -1.4317e+00 -8.3070e-01 +1.0491e+00 +4.1005e+00 +2.3536e+00 -2.2833e-01 +1.1161e+00 +2.7795e+00 +7.4620e-01 -8.0841e-01 +2.0151e+00 +1.8531e-01 -4.1517e+00 +9.7794e-01 +1.4218e-01 -1.9659e+00 +3.8812e+00 -1.7761e+00 +6.2645e-01 -7.7461e-01
5 0 +1.124095393e+03 +5.191753932e+02 +5.191753932e+02 -3.5564e+00 +2.6342e+00 +2.1381e+00 +4.0412e+00 +1.0597e+00 +2.7245e+00 -9.2653e-01 -1.1232e+00 +2.7775e+00 -2.4947e+00 +5.1693e-01 -2.9041e-01 -3.3406e+00 -2.8762e+00 -4.0626e-01 -2.8979e+00 +2.9596e+00 -4.3102e-01 -1.7047e+00 +1.6908e-01
54 0 +9.198508545e+02 +3.149308545e+02 +3.149308545e+02 -1.0404e+00 +1.0885e-01 +8.6829e-02 +3.2834e+00 +2.4447e+00 -1.9351e-01 +9.4519e-01 +1.8428e+00 +4.6357e-01 -6.3284e-01 +1.5053e+00 +1.9324e-01 -2.7012e+00 +1.3107e+00 -6.8091e-01 -1.3056e+00 +3.0372e+00 -1.1630e+00 +1.2180e+00 +2.4806e-02
108 0 +8.060111813e+02 +2.010911813e+02 +2.010911813e+02 +1.3589e+00 +2.6430e+00 -2.2000e+00 -2.6094e+00 +1.6472e-02 +1.2144e+00 -1.2776e+00 -1.1315e+00 -2.4985e+00 -8.8016e-01 -2.6278e+00 -5.9371e-01 -2.8178e-01 +1.0522e+00 -4.2304e+00 -3.3542e-01 +1.5432e+00 +1.9025e-01 +1.0199e+00 +1.0327e+00
252 0 +6.007268501e+02 -4.193149868e+00 -4.193149868e+00 +2.1232e-01 +8.6934e-01 -9.8004e-01 +2.2185e+00 +2.8632e+00 -6.2322e-01 +6.7410e-02 +4.8608e-01 -2.4642e-01 -1.3878e+00 +6.2682e-01 -6.2446e-01 -1.4814e+00 -4.5044e-02 -2.1309e-01 +5.6740e-01 +1.2763e+00 -1.7943e+00 +5.0852e-01 +1.5727e+00
303 0 +5.538961424e+02 -5.102385759e+01 -5.102385759e+01 +1.7062e-01 +7.0222e-01 -9.3925e-01 +1.8991e+00 +2.6875e+00 -8.6402e-01 -9.7293e-02 +3.5485e-01 -2.1188e-01 -1.4117e+00 +6.9974e-01 -4.9911e-01 -1.1309e+00 -8.8734e-02 -2.9745e-01 +7.3828e-01 +1.0870e+00 -1.6165e+00 +6.9424e-01 +1.4801e+00
% f evaluations | g evaluations | best noise-free fitness - Fopt (1.337000000000e+02) + sum g_i+ | measured fitness | best measured fitness or single-digit g-values | x1 | x2...
1 0 +1.689103627e+03 +1.822803627e+03 +1.822803627e+03 -2.9616e+00 -4.2720e+00 -3.5130e+00 -4.0602e-02 +3.0448e+00 -1.3744e+00 -1.6767e+00 +7.6591e-01 -3.4691e+00 -2.9764e-01 +4.0622e+00 +4.2086e+00 +3.9834e-02 +2.5197e+00 -1.9820e+00 -8.5528e-01 -1.7190e+00 +9.2009e-01 +1.2757e+00 -1.9586e+00
3 0 +1.651006774e+03 +1.784706774e+03 +1.784706774e+03 -2.6910e+00 -4.2350e+00 -3.4505e+00 -2.8050e-03 +2.9924e+00 -1.5454e+00 -1.6249e+00 +5.5982e-01 -3.2780e+00 -1.6576e-01 +3.7857e+00 +4.1110e+00 +2.5213e-01 +2.1863e+00 -1.7118e+00 -5.6328e-01 -1.8573e+00 +9.2861e-01 +1.0268e+00 -1.8257e+00
4 0 +1.583526284e+03 +1.717226284e+03 +1.717226284e+03 -1.6638e+00 -3.1150e+00 +3.5870e+00 +2.9105e+00 -1.8793e+00 -1.8941e+00 +4.9150e-01 -1.5547e+00 -2.3936e+00 -3.5165e+00 +3.1775e+00 +4.2745e+00 +5.0584e-01 +3.4603e-01 +2.2576e+00 +1.1032e+00 -6.6960e-01 +1.8105e+00 +6.4363e-01 +1.2623e+00
6 0 +6.266446783e+02 +7.603446783e+02 +7.603446783e+02 +3.0332e+00 +6.1009e-01 -4.8542e-01 -3.8295e+00 -1.1873e+00 -2.6894e-01 -2.8010e+00 +1.1580e+00 -2.7846e+00 -2.1963e+00 +3.5512e+00 +3.2107e-02 -7.2184e-01 -1.3204e+00 +1.8668e+00 -2.3952e+00 +2.4865e+00 +1.3728e-01 +6.4116e-02 +1.4313e+00
59 0 +4.620133473e+02 +5.957133473e+02 +5.957133473e+02 +3.2967e+00 +6.9488e-01 +1.1590e+00 -1.2781e+00 -1.9438e+00 -1.4843e-01 -4.6684e-01 +6.3504e-01 -3.9440e-01 -3.0549e+00 +3.1656e+00 -7.5500e-01 -8.8489e-01 +4.1752e-01 +2.6190e+00 -1.2737e-01 +1.9622e+00 -2.3983e-01 -1.4224e+00 +1.0139e+00
% f evaluations | g evaluations | best noise-free fitness - Fopt (-2.098000000000e+01) + sum g_i+ | measured fitness | best measured fitness or single-digit g-values | x1 | x2...
1 0 +1.084812458e+03 +1.063832458e+03 +1.063832458e+03 -1.6314e-01 +4.1508e-01 -2.9084e+00 -4.4338e+00 +2.2713e+00 -2.0859e+00 +2.0418e+00 +9.5463e-01 -1.2918e+00 +3.2813e+00 -2.6232e+00 -8.6044e-01 +2.2956e+00 -3.1813e+00 +1.5982e+00 -1.2836e+00 -4.1493e-01 +2.9635e-01 +3.5667e+00 +4.0531e-01
6 0 +1.063597465e+03 +1.042617465e+03 +1.042617465e+03 +2.9034e-01 +2.3379e-01 -2.4978e+00 -4.0934e+00 +2.3407e+00 -1.6820e+00 +2.2739e+00 +5.2813e-01 -8.8788e-01 +2.9639e+00 -1.8475e+00 -7.9648e-01 +2.1876e+00 -2.7382e+00 +1.1993e+00 -1.2063e+00 -4.0555e-01 +2.6172e-01 +2.7954e+00 +1.8954e-01
28 0 +1.018121247e+03 +9.971412474e+02 +9.971412474e+02 +1.5314e+00 +2.2423e+00 -1.1540e+00 -4.1629e+00 -3.8219e+00 +4.5152e+00 -4.6286e+00 +3.1707e+00 -3.4958e-01 +1.3249e+00 -2.7859e+00 +1.6042e+00 -2.0303e-01 +5.9550e-01 -3.1979e+00 -1.3650e+00 -4.4915e+00 -2.8799e+00 +2.7593e-02 -6.9504e-01
103 0 +9.654652445e+02 +9.444852445e+02 +9.444852445e+02 +1.5507e+00 +8.5639e-01 -5.7701e-01 -3.0023e+00 -1.3280e+00 +3.1131e+00 -1.3148e+00 +8.9849e-01 +3.4847e-01 +1.1313e+00 -1.9995e-01 +9.0562e-01 +3.9584e-01 +5.8118e-01 -2.7468e+00 -9.5605e-01 -2.8226e+00 -1.6601e+00 -1.0954e+00 -9.6207e-01
162 0 +9.399617054e+02 +9.189817054e+02 +9.189817054e+02 +5.7364e-01 +2.2423e+00 -1.1540e+00 -4.1629e+00 -3.8219e+00 +2.6452e+00 -4.6286e+00 +3.1707e+00 -3.4958e-01 +1.3249e+00 -2.7859e+00 +1.6042e+00 -2.0303e-01 +5.9550e-01 -3.1979e+00 -1.3650e+00 -4.4915e+00 -2.8799e+00 +2.7593e-02 -6.9504e-01
211 0 +8.735665432e+02 +8.525865432e+02 +8.525865432e+02 +5.7364e-01 +2.2423e+00 -1.1540e+00 -4.1629e+00 -3.8219e+00 +2.6452e+00 -4.6286e+00 +3.1707e+00 -3.4958e-01 +1.3249e+00 -2.7859e+00 +1.6042e+00 -2.0303e-01 +1.1081e-01 -3.1979e+00 -1.3650e+00 -4.4915e+00 -2.8799e+00 +2.7593e-02 -6.9504e-01
310 0 +8.658668804e+02 +8.448868804e+02 +8.448868804e+02 +5.7364e-01 +2.2423e+00 -1.1540e+00 -4.1629e+00 -3.8219e+00 +2.6452e+00 -4.6286e+00 +3.1707e+00 -3.4958e-01 +1.3249e+00 -2.7859e+00 +1.6042e+00 -2.0303e-01 +1.1081e-01 -3.1979e+00 -1.3650e+00 -4.4915e+00 -2.8799e+00 +2.7593e-02 -2.7634e-01
353 0 +7.567810417e+02 +7.358010417e+02 +7.358010417e+02 +1.2443e-01 +1.9793e+00 -4.5568e-01 -3.9402e+00 -2.0198e+00 +1.7562e+00 -3.9990e+00 +2.3088e+00 -4.6061e-01 +5.4639e-01 -1.6704e+00 +1.1710e+00 +1.2427e-01 +4.1422e-01 -1.5929e+00 -4.4299e-01 -2.7475e+00 -2.0027e+00 +6.5450e-01 +2.6406e-01
% f evaluations | g evaluations | best noise-free fitness - Fopt (1.353300000000e+02) + sum g_i+ | measured fitness | best measured fitness or single-digit g-values | x1 | x2...
1 0 +1.855435358e+03 +1.990765358e+03 +1.990765358e+03 +1.9144e+00 -4.8403e+00 +2.3722e+00 +6.2163e-01 +4.4291e+00 +3.2992e+00 +8.6976e-01 -4.4602e+00 -1.6697e+00 +2.6170e+00 -3.7856e+00 -8.1246e-01 +7.3779e-01 +2.1907e+00 -2.1498e-01 -7.8228e-01 -3.0649e+00 -1.0575e+00 -1.3124e+00 +9.0542e-01
4 0 +1.244790309e+03 +1.380120309e+03 +1.380120309e+03 +2.0055e+00 +2.2781e-01 -2.4493e+00 -1.4889e+00 +1.2805e+00 -2.0528e+00 -1.5283e+00 +2.1481e-02 -1.7674e+00 +1.0918e-01 -1.1588e+00 +2.6501e+00 +7.2021e-01 -2.2675e+00 -5.4970e-01 +2.7353e+00 -4.4942e-01 +2.4125e+00 +5.4579e-01 -2.7946e-01
6 0 +7.790470740e+02 +9.143770740e+02 +9.143770740e+02 +5.5063e-02 -3.8102e+00 -7.1179e-01 -1.2270e+00 -4.0803e-01 +1.7677e+00 +1.4036e+00 -2.9380e+00 +2.3893e-02 -1.2541e+00 +7.5790e-01 +2.4253e+00 -5.6585e-01 +3.6042e+00 -2.3676e+00 -1.9975e+00 -8.0667e-01 +1.8068e+00 +3.6120e-02 -1.0756e+00
% f evaluations | g evaluations | best noise-free fitness - Fopt (4.066000000000e+01) + sum g_i+ | measured fitness | best measured fitness or single-digit g-values | x1 | x2...
1 0 +1.395218962e+03 +1.435878962e+03 +1.435878962e+03 +3.0821e+00 +3.4762e+00 +2.6583e-01 -3.9875e+00 +4.3907e+00 -1.4172e+00 -1.5672e+00 -2.7443e+00 +1.1298e+00 -1.1091e+00 -3.1194e+00 -1.7386e+00 -8.7887e-01 -2.3404e+00 +1.6871e+00 -4.3815e+00 +4.2572e-01 -1.9960e+00 -2.7066e+00 -1.2775e+00
2 0 +9.071138167e+02 +9.477738167e+02 +9.477738167e+02 -1.1822e+00 +2.7527e+00 +2.8874e+00 -2.0425e-01 +2.2142e+00 -8.7489e-01 -7.4227e-01 -3.9818e+00 +5.7623e-01 -1.8551e+00 +1.6249e+00 -8.9607e-01 -1.3904e+00 +1.4300e+00 -2.3394e+00 -1.6398e+00 +1.2025e+00 -5.3108e-01 +5.3283e-01 +6.1531e-02
6 0 +7.507629516e+02 +7.914229516e+02 +7.914229516e+02 -4.4175e+00 -2.4407e+00 -2.8321e+00 -4.4400e+00 +1.0756e+00 +8.6724e-01 +1.4813e+00 -3.3708e+00 +1.2837e+00 +3.9830e+00 -2.3040e-01 -1.1788e+00 -4.2361e+00 -1.2448e+00 +4.6480e+00 -2.3913e+00 +2.0360e+00 +8.0674e-01 +8.5388e-01 +2.5966e+00
34 0 +5.554284895e+02 +5.960884895e+02 +5.960884895e+02 +2.1163e+00 +6.2953e-01 -3.8955e+00 -1.8620e-01 -2.3674e+00 -7.1590e-01 -3.0082e+00 +3.3518e+00 +3.1504e+00 +3.7348e+00 -1.1124e+00 +1.1900e+00 -3.7583e+00 +2.3123e+00 +4.0166e+00 +2.0403e+00 -1.5686e+00 +4.3516e+00 +2.3530e+00 +3.9481e+00
56 0 +4.925180670e+02 +5.331780670e+02 +5.331780670e+02 +2.6408e+00 +2.3834e-01 -3.5658e+00 -3.8919e-01 -1.5471e+00 -8.7893e-01 -3.3491e+00 +2.4868e+00 +2.8888e+00 +3.3927e+00 -1.0926e+00 +1.8021e+00 -2.1186e+00 +1.2690e+00 +2.3497e+00 +9.2628e-01 -1.7507e+00 +3.7826e+00 +1.8246e+00 +3.5471e+00
