% f evaluations | g evaluations | best noise-free fitness - Fopt (-1.025500000000e+02) + sum g_i+ | measured fitness | best measured fitness or single-digit g-values | x1 | x2...
1 0 +2.517579928e+01 -7.737420072e+01 -7.737420072e+01 -4.4096e-01 +9.7939e-01 +4.0948e+00 -3.0602e-02 +1.3095e+00 -5.5680e-01 -9.9349e-01 +3.3752e-02 -4.3630e-01 +1.2443e+00 +4.1337e+00 +1.6571e+00 -3.6329e-01 +3.5841e+00 +3.5104e+00 +3.2470e+00 -1.3492e+00 -2.1350e+00 -7.2805e-01 -2.3191e+00
2 0 +1.196692337e+01 -9.058307663e+01 -9.058307663e+01 -1.2994e+00 -1.5852e+00 -6.4246e-01 -1.0430e+00 -1.9687e+00 -4.7663e-01 +2.0463e+00 +1.7194e+00 -2.6140e+00 +1.1896e+00 +1.1855e-01 +3.1174e+00 -6.6313e-01 +2.1747e+00 -6.4422e-01 +1.8103e-01 -1.0978e+00 +1.9916e+00 -2.7504e+00 -1.0933e+00
306 0 +1.091046643e+01 -9.163953357e+01 -9.163953357e+01 +1.4183e+00 -8.0962e-01 +8.0676e-01 +1.3532e-02 +5.2619e-01 -1.1898e+00 +1.4253e+00 -1.6252e-01 -5.6125e-01 +3.3893e-01 +1.5365e+00 +1.9293e+00 -3.4337e-01 +4.7389e-01 +2.1040e-01 +1.3003e+00 +1.0861e+00 -7.3021e-01 +8.7613e-01 -1.7694e+00
355 0 +9.894020227e+00 -9.265597977e+01 -9.265597977e+01 +9.1041e-01 -2.2375e-01 +1.5394e+00 -6.6427e-02 +5.9614e-01 -9.0567e-01 +7.7768e-01 -1.8824e-01 -5.7469e-01 +3.8363e-01 +2.1203e+00 +1.9236e+00 -2.7954e-01 +1.3496e+00 +9.9176e-01 +1.7189e+00 +5.2474e-01 -1.1989e+00 +5.1513e-01 -1.8500e+00
459 0 +9.635183534e+00 -9.291481647e+01 -9.291481647e+01 +8.6297e-01 -1.1173e-01 +1.9000e+00 -1.6116e-01 +6.0586e-01 -7.9444e-01 +6.4894e-01 -2.2635e-01 -6.6334e-01 +4.1370e-01 +2.1480e+00 +1.7215e+00 -2.3840e-01 +1.5946e+00 +1.0942e+00 +1.7445e+00 +4.0311e-01 -1.2706e+00 +4.7003e-01 -1.6496e+00
511 0 +7.691583939e+00 -9.485841606e+01 -9.485841606e+01 +9.1041e-01 -2.2375e-01 +1.5394e+00 -6.6427e-02 +5.9614e-01 -9.0567e-01 +7.7768e-01 -1.8824e-01 -5.7469e-01 +3.8363e-01 +2.1203e+00 +1.9236e+00 -2.7954e-01 +1.3496e+00 +9.9176e-01 +1.7189e+00 +4.7318e-01 -1.1989e+00 +5.1513e-01 -1.8500e+00
1813 0 +6.096041591e+00 -9.645395841e+01 -9.645395841e+01 +1.7661e-01 -3.2281e-01 +1.0113e+00 +3.0939e-01 -8.7712e-02 -7.1037e-01 +9.7151e-01 -1.0062e-01 -6.8974e-01 +3.4838e-01 +1.5814e+00 +2.4912e+00 -2.3911e-01 +8.4860e-01 +4.9844e-01 +1.4331e+00 +1.1204e+00 -1.4719e+00 +7.3757e-01 -2.1137e+00
% f evaluations | g evaluations | best noise-free fitness - Fopt (7.169000000000e+01) + sum g_i+ | measured fitness | best measured fitness or single-digit g-values | x1 | x2...
1 0 +3.010126247e+01 +1.017912625e+02 +1.017912625e+02 -3.4730e+00 -8.3621e-01 -2.8263e+00 +3.5670e+00 +4.5385e+00 +2.1764e+00 -4.2755e+00 +4.7891e-01 -7.4273e-01 +3.1127e+00 -1.4128e+00 +1.0815e+00 +1.7708e+00 -2.3762e-01 +4.4121e+00 +5.0710e-01 +2.5610e-01 -2.4794e-01 +3.7765e-01 +3.0922e+00
4 0 +1.268054336e+01 +8.437054336e+01 +8.437054336e+01 +2.3738e-01 -8.5365e-01 +2.0677e-01 -5.1288e-01 +5.2207e-01 +2.6749e+00 +2.9698e-01 -1.1595e-01 -6.9004e-01 +7.3171e-01 -8.9503e-01 -8.9581e-01 +1.8335e+00 +2.7596e+00 +9.3582e-01 -1.3178e+00 +3.3500e+00 -1.7326e+00 -3.2958e+00 -2.1322e+00
111 0 +1.182899639e+01 +8.351899639e+01 +8.351899639e+01 -2.7783e-01 -7.1367e-01 -1.0839e-02 -2.5678e-01 +9.4661e-01 +2.5798e+00 -7.4192e-02 -2.4821e-01 -6.1038e-01 +9.7736e-01 -1.0114e+00 -7.0992e-01 +1.3182e+00 +2.4675e+00 +1.4346e+00 -1.2331e+00 +3.0631e+00 -1.6817e+00 -2.9122e+00 -1.5760e+00
258 0 +1.025488165e+01 +8.194488165e+01 +8.194488165e+01 +1.4113e+00 -2.3443e-01 +6.5112e-01 -1.7849e+00 +2.6078e-01 +3.5529e+00 +2.1095e-01 +1.0531e+00 +1.4845e+00 +1.9634e+00 -8.3165e-01 -8.2464e-01 +1.2304e+00 +3.4545e+00 -5.4234e-01 +1.8537e-01 -6.2892e-03 -7.9965e-01 -6.2054e-01 -1.4559e+00
513 0 +1.013397717e+01 +8.182397717e+01 +8.182397717e+01 +1.4113e+00 -2.3443e-01 +6.5112e-01 -1.7849e+00 +2.6078e-01 +3.5529e+00 +2.1095e-01 +1.0531e+00 +1.4845e+00 +1.9634e+00 -8.3165e-01 -8.2464e-01 +1.2304e+00 +3.4545e+00 -5.4234e-01 +1.8537e-01 -3.3440e-03 -7.9965e-01 -6.2054e-01 -1.4559e+00
% f evaluations | g evaluations | best noise-free fitness - Fopt (2.140100000000e+02) + sum g_i+ | measured fitness | best measured fitness or single-digit g-values | x1 | x2...
1 0 +1.761471840e+01 +2.316247184e+02 +2.316247184e+02 +5.6353e-01 +7.3887e-01 -1.1138e+00 -6.0245e-02 -1.8248e+00 -2.7991e+00 -3.4713e-01 -7.7363e-01 -1.9007e+00 +3.3008e+00 +2.2898e+00 +2.7400e+00 +1.4551e+00 +1.6045e+00 +5.4585e-01 -2.3945e+00 -1.5342e+00 +3.1910e+00 -2.2080e-01 -1.2362e+00
2 0 +1.201400355e+01 +2.260240036e+02 +2.260240036e+02 -8.2507e-01 +1.4281e+00 +1.2625e+00 -1.5056e+00 -3.8355e+00 +7.5224e-01 +1.3862e+00 +9.6534e-02 -6.3967e-01 -1.4483e+00 +1.2885e+00 -8.5367e-01 -2.6702e-01 -2.4580e+00 -1.6854e+00 -1.9258e+00 +1.3355e+00 +4.7533e-01 -4.9073e-01 -1.1812e+00
58 0 +1.070033319e+01 +2.247103332e+02 +2.247103332e+02 -6.4647e-01 -1.0360e+00 -4.4119e-01 +4.9056e-01 -1.0147e-01 -1.4263e-01 -1.0561e+00 -1.6056e+00 +1.1805e-01 -1.1969e+00 +2.2515e+00 -7.9478e-01 -7.0346e-01 +4.2157e-01 -3.9175e-01 -2.4735e+00 -1.5643e+00 +1.7523e+00 -9.9713e-01 +1.0355e+00
209 0 +1.028492027e+01 +2.242949203e+02 +2.242949203e+02 +3.5034e-01 +1.1222e+00 -1.1063e+00 +2.8835e-01 -7.3456e-01 -2.6369e+00 -8.3670e-01 -5.8141e-01 -9.9291e-01 +3.2587e+00 +1.9077e+00 +1.3496e+00 +1.6934e+00 +2.4332e+00 +1.3339e+00 -8.8614e-01 -3.3612e-01 +2.8234e+00 +2.3720e-01 -6.8258e-01
252 0 +8.064070744e+00 +2.220740707e+02 +2.220740707e+02 +2.0139e-02 -4.8200e-01 -2.5016e-01 +4.3233e-01 +2.3467e-01 -6.2180e-01 -1.1894e+00 -1.1043e+00 -3.7449e-01 -4.5441e-01 +2.5769e+00 -6.4611e-01 -4.1666e-01 +6.4329e-01 -1.5027e-01 -1.7120e+00 -1.1225e+00 +2.1370e+00 -7.0047e-01 +7.4026e-01
1413 0 +7.912612214e+00 +2.219226122e+02 +2.219226122e+02 +7.0627e-01 +3.0503e-01 -7.1156e-01 +2.9727e-01 -1.3693e+00 -2.3711e+00 -6.8797e-01 -7.2187e-01 -1.7205e+00 +2.6982e+00 +3.3411e-01 +2.0493e+00 +9.9979e-01 +1.5878e+00 +6.2083e-01 -1.8171e+00 -1.1737e+00 +2.6861e+00 -3.0318e-03 -8.7189e-01
% f evaluations | g evaluations | best noise-free fitness - Fopt (-5.848000000000e+01) + sum g_i+ | measured fitness | best measured fitness or single-digit g-values | x1 | x2...
1 0 +2.946351860e+01 -2.901648140e+01 -2.901648140e+01 +3.9685e+00 +2.7367e+00 +1.7187e+00 -4.7816e-01 +4.0398e+00 +7.9003e-01 +1.7781e+00 -7.6050e-01 +3.5030e+00 +2.4111e+00 +2.1871e+00 -2.0724e+00 -2.1271e+00 -3.4638e+00 +2.3748e-01 +1.0633e+00 +4.6087e+00 -1.0171e+00 +6.9438e-02 -1.2011e-01
4 0 +1.557977021e+01 -4.290022979e+01 -4.290022979e+01 -4.2959e+00 -2.8901e+00 +1.3248e+00 -1.1479e+00 +1.1475e+00 +3.9928e+00 +2.3410e-01 -2.7499e+00 +4.8622e-01 +3.0330e-01 +1.6148e+00 +1.3955e+00 -8.8295e-01 -1.0934e+00 -1.7243e+00 -1.2302e+00 +2.1270e+00 +1.4141e+00 +2.3497e-02 -2.8535e-01
8 0 +1.532362075e+01 -4.315637925e+01 -4.315637925e+01 -1.3774e+00 -1.6217e+00 +1.3078e+00 -2.5139e+00 -2.3944e-01 +1.0862e+00 -3.6522e-01 +1.6352e-02 +5.9907e-01 +5.8010e-02 -1.8972e+00 +2.8655e+00 +2.2703e-01 -4.1805e-01 +2.3305e+00 +1.5143e+00 +1.1780e+00 -3.2281e-01 -3.3483e-01 +6.0018e-01
52 0 +1.362220695e+01 -4.485779305e+01 -4.485779305e+01 -2.0412e+00 -1.9601e+00 +1.3479e+00 -2.1462e+00 +3.3816e-02 +1.8636e+00 -2.7058e-01 -6.7771e-01 +4.8514e-01 +8.6542e-03 -1.0081e+00 +2.5099e+00 -2.7357e-02 -6.0539e-01 +1.3631e+00 +8.2145e-01 +1.4330e+00 +1.3330e-01 -2.7147e-01 +4.2884e-01
55 0 +1.287497261e+01 -4.560502739e+01 -4.560502739e+01 -3.0914e+00 -2.8311e+00 +1.0097e+00 -8.1346e-01 +9.1785e-01 +2.8965e+00 +8.0084e-01 -2.7811e+00 +4.1270e-01 -2.6410e-01 +9.1840e-01 +1.3289e+00 -1.1456e+00 -1.2795e-01 -1.7583e+00 -1.5412e+00 +1.3192e+00 +1.6725e+00 +5.9163e-01 -2.2744e-01
106 0 +9.652270930e+00 -4.882772907e+01 -4.882772907e+01 +4.4437e-02 -1.2236e+00 -2.0393e+00 +8.1520e-02 +3.8578e-01 -4.8409e-01 +7.3998e-01 -1.2114e+00 -8.3492e-01 -2.3964e-01 +2.2363e+00 -2.6247e+00 -3.5420e-01 +2.6483e-01 -4.2754e-02 -1.1673e-01 +2.1451e+00 -2.7352e+00 +2.5778e-01 +2.2343e+00
207 0 +9.535889838e+00 -4.894411016e+01 -4.894411016e+01 +1.2104e+00 -9.3800e-01 -6.9497e-01 +1.0450e+00 -1.3885e+00 -5.7221e-01 +1.4492e+00 -9.5421e-01 +4.8814e-01 -4.4497e-01 +1.5905e+00 -2.7643e+00 +5.2337e-01 -8.5450e-02 +1.3609e-01 +9.0400e-01 +9.2550e-01 -8.7844e-01 +1.1726e+00 +6.7757e-01
209 0 +8.121287965e+00 -5.035871203e+01 -5.035871203e+01 -2.3830e-01 -1.2658e+00 +1.0575e+00 -7.4693e-01 -1.0055e+00 +3.0196e-01 +7.0441e-01 -1.5817e+00 +1.1083e+00 -6.7320e-01 +9.9137e-01 +5.6493e-01 +1.4895e+00 -1.2989e+00 -2.7782e-01 +1.1684e+00 +1.6420e+00 -4.5973e-01 +1.2077e+00 +8.3144e-01
453 0 +5.874308889e+00 -5.260569111e+01 -5.260569111e+01 -2.3873e-01 -1.0784e+00 +6.5426e-01 +1.0821e-01 +2.8594e-01 +7.1110e-01 +4.7439e-01 -2.0678e+00 +1.2470e+00 -7.3129e-01 +7.9675e-01 +2.2550e-01 +9.5881e-01 -6.2493e-01 -2.0408e-01 +6.5378e-01 +1.2331e+00 +8.2524e-01 +7.6516e-01 -4.1511e-02
% f evaluations | g evaluations | best noise-free fitness - Fopt (-6.130800000000e+02) + sum g_i+ | measured fitness | best measured fitness or single-digit g-values | x1 | x2...
1 0 +2.297137140e+01 -5.901086286e+02 -5.901086286e+02 +3.7255e+00 +9.3381e-01 +9.1388e-01 -4.2487e+00 +5.3850e-01 +1.8503e+00 -4.1783e+00 +4.4947e-01 +3.9954e+00 -3.5097e-01 +1.9321e+00 +4.4486e+00 +7.6065e-01 -2.1775e+00 -2.6163e+00 +8.7022e-02 +1.8991e+00 +2.7422e+00 +6.7835e-01 +1.2746e-01
2 0 +2.248612856e+01 -5.905938714e+02 -5.905938714e+02 +2.7418e+00 +2.4799e+00 -3.4440e-01 -2.3152e+00 -4.1492e+00 +4.5167e-01 -1.9632e+00 -3.8921e+00 -2.2420e+00 +1.1615e+00 -4.8573e-01 -2.2294e+00 +2.9283e+00 +7.8817e-01 +2.0623e+00 +1.8962e+00 -9.4024e-01 -6.0540e-01 +1.9933e+00 +3.9381e+00
4 0 +1.641517743e+01 -5.966648226e+02 -5.966648226e+02 +1.9344e+00 +2.1484e+00 +2.3390e-01 +3.6467e-01 -2.4121e+00 -2.4246e+00 -1.2427e+00 -5.0310e-02 -9.6577e-01 +7.0821e-01 +3.1916e+00 +4.7584e+00 +1.4148e+00 -1.6184e+00 -1.4736e-02 -4.8701e-01 +1.5140e+00 -1.0986e+00 -2.8916e-01 +9.0677e-01
7 0 +1.486432521e+01 -5.982156748e+02 -5.982156748e+02 +3.0847e+00 +1.3684e+00 +6.7059e-01 -2.5980e+00 -5.1720e-01 +3.2072e-01 -3.1280e+00 +2.7065e-01 +2.2203e+00 +2.8001e-02 +2.3828e+00 +4.5595e+00 +9.9468e-01 -1.9775e+00 -1.6855e+00 -1.1836e-01 +1.7613e+00 +1.3680e+00 +3.3218e-01 +4.0629e-01
54 0 +1.404474228e+01 -5.990352577e+02 -5.990352577e+02 +3.9643e+00 -9.0539e-01 -9.8725e-02 -2.2911e+00 -7.2120e-01 -2.7038e-01 -3.5061e+00 +1.2180e+00 +1.1639e+00 +4.7485e-02 +1.1330e+00 +1.8116e+00 -8.2696e-01 -1.8460e+00 -4.8782e-01 -1.7384e-01 +2.1342e+00 +1.6303e+00 -1.1397e+00 -1.9680e+00
56 0 +1.346448791e+01 -5.996155121e+02 -5.996155121e+02 +2.9640e+00 +1.2968e+00 +5.4230e-01 -3.9122e+00 -4.5003e-01 +2.0791e+00 -3.9457e+00 -4.3697e-01 +2.7171e+00 +5.2399e-01 +1.6554e+00 +2.9654e+00 +7.0766e-01 -1.3937e+00 -1.2923e+00 +4.5465e-01 +2.1605e+00 +2.2026e+00 +3.5037e-01 -2.6986e-01
102 0 +1.201691201e+01 -6.010630880e+02 -6.010630880e+02 +2.5581e+00 +1.4373e+00 +3.4670e-01 +1.2673e+00 -8.7132e-01 -8.7214e-01 -1.8873e+00 +1.7926e-01 -6.2626e-01 +1.0927e+00 +8.6155e-01 +1.5846e+00 +1.8283e+00 -8.4490e-01 -9.4506e-01 -6.7758e-01 +2.4711e+00 -1.2646e+00 -3.8523e-01 +1.1496e+00
156 0 +1.157140295e+01 -6.015085971e+02 -6.015085971e+02 +1.9212e+00 +1.3297e+00 -2.6006e-01 -1.5518e+00 -2.1838e+00 +1.0212e+00 -2.9060e+00 -1.2263e+00 -6.0081e-01 +1.9252e+00 +8.6955e-01 -3.4787e-02 +5.3002e-01 -1.3438e-01 +1.0858e+00 +5.5826e-01 +2.6478e+00 +2.6366e-01 -7.5206e-01 -9.4805e-01
360 0 +1.115924729e+01 -6.019207527e+02 -6.019207527e+02 +2.5581e+00 +1.4373e+00 +3.4670e-01 +1.2673e+00 -8.3783e-01 -8.7214e-01 -1.8873e+00 +1.7926e-01 -6.2626e-01 +1.0927e+00 +8.6155e-01 +1.5846e+00 +1.8283e+00 -8.4490e-01 -9.4506e-01 -6.7758e-01 +2.4711e+00 -1.2646e+00 -3.8523e-01 +1.1496e+00
361 0 +9.834476434e+00 -6.032455236e+02 -6.032455236e+02 +2.5581e+00 +1.4373e+00 +3.4670e-01 +1.2673e+00 -8.7132e-01 -8.7214e-01 -1.8873e+00 +1.7926e-01 -6.2626e-01 +1.0927e+00 +8.6155e-01 +1.5846e+00 +1.8283e+00 -8.4490e-01 -9.4506e-01 -6.7758e-01 +2.4711e+00 -1.2646e+00 -3.2255e-01 +1.1496e+00
409 0 +9.439712464e+00 -6.036402875e+02 -6.036402875e+02 +1.2803e+00 +2.6260e-01 -5.8616e-02 -1.6492e+00 +2.4134e-01 -5.0284e-02 -3.0587e+00 +6.1536e-01 +6.1949e-01 +1.7643e+00 +1.4197e+00 +7.5874e-01 -5.2364e-01 +6.4932e-01 -5.6903e-01 +7.6327e-01 +1.3584e+00 +1.4333e+00 -1.0399e+00 -1.2159e+00
609 0 +8.452800513e+00 -6.046271995e+02 -6.046271995e+02 +2.1717e+00 +5.7129e-01 +1.0331e-01 -1.1244e+00 -4.1520e-02 +1.5007e-01 -2.8224e+00 +9.1105e-01 +1.5904e+00 +4.9406e-01 +1.0683e+00 +1.4744e+00 +9.5344e-01 -8.9873e-02 -1.3851e+00 +6.4324e-02 +1.6158e+00 +6.8850e-01 -3.6589e-01 +7.0383e-01
762 0 +7.520671423e+00 -6.055593286e+02 -6.055593286e+02 +2.1896e+00 +6.7014e-01 +1.4491e-01 -9.3185e-01 -1.1815e-01 +7.4901e-02 -2.7497e+00 +4.7366e-01 +1.4024e+00 +5.4102e-01 +1.0633e+00 +1.5441e+00 +1.0424e+00 -2.1061e-01 -1.3625e+00 -1.3857e-02 +1.7119e+00 +2.1682e-01 -3.4093e-01 +7.3983e-01
% f evaluations | g evaluations | best noise-free fitness - Fopt (6.189000000000e+01) + sum g_i+ | measured fitness | best measured fitness or single-digit g-values | x1 | x2...
1 0 +4.621451847e+01 +1.081045185e+02 +1.081045185e+02 -3.2076e+00 +3.3179e+00 +1.0583e+00 -2.3717e+00 -2.3017e+00 -8.8650e-01 +3.5309e+00 +2.3627e+00 -1.1551e+00 +9.9425e-01 -3.5169e-01 +4.5406e+00 -4.1339e+00 +2.1960e+00 -1.2314e+00 +1.1914e+00 +1.7761e+00 +1.2573e+00 -5.2945e-01 +1.3375e+00
2 0 +2.027583753e+01 +8.216583753e+01 +8.216583753e+01 +5.5537e-02 -2.1451e+00 -7.3967e-01 -2.2114e+00 +1.5090e+00 +1.8085e+00 +1.7054e+00 +2.2061e+00 +2.0778e+00 -2.9790e+00 -2.2292e+00 +1.1337e+00 -1.7625e+00 +2.9896e+00 -5.7261e-01 -1.9335e-02 -6.5150e-01 +1.4392e+00 -1.4433e+00 +1.7701e+00
3 0 +1.636943047e+01 +7.825943047e+01 +7.825943047e+01 -1.6197e+00 +6.5958e-01 +1.8340e-01 -2.2937e+00 -4.4741e-01 +4.2488e-01 +2.6426e+00 +2.2865e+00 +4.1808e-01 -9.3914e-01 -1.2653e+00 +2.8828e+00 -2.9800e+00 +2.5821e+00 -9.1081e-01 +6.0225e-01 +5.9481e-01 +1.3458e+00 -9.7413e-01 +1.5480e+00
7 0 +1.511237124e+01 +7.700237124e+01 +7.700237124e+01 +2.8153e+00 -2.3822e+00 +3.3787e+00 -2.1503e+00 +8.6722e-01 -3.8884e+00 +2.4066e+00 -1.1465e+00 +6.4427e-01 +2.5499e+00 -1.7878e+00 -2.9802e+00 +9.1834e-01 +8.5236e-01 +3.5327e-01 -1.6744e+00 +1.3411e+00 +1.6661e+00 -1.6639e-01 -1.4057e+00
154 0 +1.417948230e+01 +7.606948230e+01 +7.606948230e+01 -2.1214e+00 +5.2854e-01 -4.5850e-01 -1.2294e+00 -1.5270e-01 -3.4625e-01 +1.5995e+00 +2.4671e+00 -4.7201e-01 +1.4484e-02 -3.7207e-01 +2.0068e+00 -3.1351e+00 +2.2309e+00 -5.5940e-01 -1.9512e-01 +8.9326e-02 +3.0497e-01 -9.6828e-01 +1.1086e+00
156 0 +1.226606865e+01 +7.415606865e+01 +7.415606865e+01 -2.3480e+00 +3.0236e+00 -1.3339e+00 -5.3385e-01 -5.9624e-01 -5.5316e-01 +6.5808e-01 +1.8480e+00 +2.1290e+00 +5.7601e-01 -1.2578e+00 +1.4562e+00 +2.0523e-01 +1.8493e+00 -1.0523e+00 +1.6503e+00 +6.0884e-01 +8.6635e-01 +1.1005e+00 +1.0287e+00
207 0 +1.161140335e+01 +7.350140335e+01 +7.350140335e+01 -7.0024e-01 +9.4844e-01 +6.6708e-01 -8.6163e-01 +1.9189e-01 -1.2631e+00 +2.2189e-01 +2.1607e+00 -9.0060e-01 +6.7930e-01 -4.2837e-01 +1.0430e+00 -1.4481e+00 +6.3654e-01 +2.8178e-01 +1.7177e-01 +1.1545e+00 +3.0769e-01 -5.8406e-01 +1.2581e+00
210 0 +1.007410441e+01 +7.196410441e+01 +7.196410441e+01 -2.1605e+00 +2.3255e+00 -7.9324e-01 -1.1274e+00 -6.1280e-01 -2.7192e-01 +1.0847e+00 +1.9979e+00 +1.4983e+00 +1.3680e-01 -1.2275e+00 +1.9945e+00 -9.0527e-01 +2.0814e+00 -1.0163e+00 +1.3196e+00 +6.4650e-01 +1.0241e+00 +4.2013e-01 +1.1954e+00
314 0 +9.073140933e+00 +7.096314093e+01 +7.096314093e+01 -7.0024e-01 +9.4844e-01 +6.6708e-01 -8.6163e-01 +1.9189e-01 -1.2631e+00 +2.2189e-01 +2.1607e+00 -9.0060e-01 +6.7930e-01 -4.2837e-01 +1.0430e+00 -1.4481e+00 +6.3654e-01 +2.8178e-01 +1.7177e-01 +1.1545e+00 +3.0769e-01 -5.8406e-01 +2.3914e-01
910 0 +8.837111250e+00 +7.072711125e+01 +7.072711125e+01 -5.8990e-01 +2.2490e+00 +2.0358e+00 -8.9523e-01 +2.1187e-01 +1.6777e+00 +2.3731e+00 +7.2895e-01 +6.8612e-01 -1.9867e+00 -3.2580e-01 +1.4333e+00 -5.7667e-01 -1.2060e+00 -9.4719e-01 +2.3803e-01 -1.8328e+00 +1.1002e+00 +2.0198e+00 +4.2402e-01
% f evaluations | g evaluations | best noise-free fitness - Fopt (-8.456000000000e+01) + sum g_i+ | measured fitness | best measured fitness or single-digit g-values | x1 | x2...
1 0 +2.342365344e+01 -6.113634656e+01 -6.113634656e+01 +4.9309e+00 +1.3584e+00 -1.3453e+00 -2.6909e-01 +1.7418e+00 +1.2407e+00 -9.0651e-01 +1.2202e-01 +1.4710e+00 +9.7214e-01 +4.0150e+00 +1.6007e+00 -1.6552e+00 -2.2585e+00 -6.8798e-01 +3.7139e-01 -2.2889e+00 -1.1925e+00 +9.4486e-01 -1.1239e+00
2 0 +1.915843024e+01 -6.540156976e+01 -6.540156976e+01 -1.5059e+00 +2.8865e+00 -1.3955e-01 -7.9495e-01 +7.1611e-01 +4.0426e-01 +4.4501e-02 -3.3123e+00 +2.2725e+00 -2.1177e-02 +1.8454e+00 +6.1095e-01 +6.9827e-03 +8.7253e-01 -1.7364e-01 +1.4959e+00 -1.4339e+00 +1.3456e+00 -1.9153e+00 -2.6687e+00
54 0 +1.212402647e+01 -7.243597353e+01 -7.243597353e+01 -1.0221e+00 -5.5212e-01 -2.1379e+00 +6.9556e-01 +1.3251e+00 +1.2501e+00 -1.8504e+00 -7.4671e-01 +1.9821e+00 -1.5704e+00 -1.1779e+00 -7.9744e-01 -1.3667e+00 +1.6477e-01 -4.4549e-01 -6.6930e-02 +2.1892e-01 -1.5438e+00 -2.6317e+00 +1.5093e+00
57 0 +1.084028834e+01 -7.371971166e+01 -7.371971166e+01 +1.7568e+00 -7.3846e-01 -2.3867e+00 +7.1593e-01 +1.6922e+00 +1.4997e+00 -2.0012e+00 +4.0733e-01 +1.6688e+00 -9.1027e-01 +2.1256e-01 -1.5897e-01 -1.9064e+00 -1.1197e+00 -6.3433e-01 -3.4184e-01 -3.9478e-01 -2.2552e+00 -1.2642e+00 +1.5977e+00
107 0 +9.808031817e+00 -7.475196818e+01 -7.475196818e+01 +1.7608e+00 -3.0556e-01 -1.7512e+00 +7.3808e-01 +2.0019e+00 +1.7001e+00 -1.7909e+00 +7.2588e-01 +1.1133e+00 -8.2610e-01 +6.9876e-01 -9.2142e-01 -2.1412e+00 -1.4195e+00 -7.9663e-01 -4.0063e-01 -4.0679e-01 -1.4335e+00 -1.4825e+00 +9.5595e-01
507 0 +9.733923213e+00 -7.482607679e+01 -7.482607679e+01 +7.1451e-01 +1.9804e-01 -5.6240e-01 -3.1931e-01 +9.0526e-01 +1.4339e+00 -1.3103e+00 +6.8835e-01 +1.5225e-02 +8.1830e-01 +1.1709e+00 +6.7080e-01 +1.0197e-01 -1.2772e+00 +4.7265e-01 -6.7671e-01 -3.6845e-01 +9.4080e-01 -1.4659e+00 +6.2565e-01
557 0 +9.297831299e+00 -7.526216870e+01 -7.526216870e+01 +6.6005e-01 +5.2886e-01 -5.1762e-01 -7.0019e-02 +1.3410e+00 +1.5792e+00 -1.4744e+00 +3.3386e-01 -2.1967e-01 +8.1000e-01 +1.3202e+00 +2.8195e-01 -1.3771e-01 -1.4286e+00 +3.6035e-01 -1.0607e-01 -3.0768e-01 +4.9176e-01 -1.7496e+00 +7.1103e-01
% f evaluations | g evaluations | best noise-free fitness - Fopt (-2.602000000000e+01) + sum g_i+ | measured fitness | best measured fitness or single-digit g-values | x1 | x2...
1 0 +3.373758801e+01 +7.717588007e+00 +7.717588007e+00 +3.0420e+00 -1.4070e+00 +3.1567e+00 +4.1521e+00 +1.7958e-01 +5.7012e-01 -2.5890e+00 -2.5734e+00 +2.5928e+00 -2.2374e-01 -3.0587e+00 -9.3426e-01 +4.1468e+00 +3.1453e+00 +1.4193e+00 -7.0625e-01 +8.9027e-03 -3.1081e+00 -7.2479e-01 -7.6815e-01
6 0 +2.086945007e+01 -5.150549926e+00 -5.150549926e+00 +2.0191e+00 -2.3929e+00 -1.1706e+00 +1.2178e+00 +3.5475e-01 +4.5543e-01 +3.3178e+00 -1.5498e+00 -8.0620e-01 -1.0551e-01 -1.1432e+00 +1.9320e-01 -1.4768e+00 -2.5318e+00 -2.6427e+00 +5.7913e-01 +3.2508e+00 -1.0104e-01 +2.5935e+00 +5.5437e-01
7 0 +1.647455002e+01 -9.545449979e+00 -9.545449979e+00 +1.6444e+00 -1.9836e+00 -9.8237e-01 +3.4802e-01 -8.7732e-01 -3.5176e-02 +3.4742e+00 -1.4878e+00 +2.2450e-01 +2.7916e-01 -1.0689e+00 +4.1035e-01 -3.6293e-01 -2.3491e+00 -2.0774e+00 -1.7256e-01 +3.4784e+00 -4.7541e-01 +2.6077e+00 +6.7284e-01
9 0 +1.607581340e+01 -9.944186599e+00 -9.944186599e+00 -1.4403e+00 -1.3656e+00 +2.2932e+00 +7.9298e-01 -8.0755e-01 -1.4543e+00 +3.8526e+00 +3.0775e-01 -2.7384e+00 +1.2432e-01 +5.5268e-01 +3.5961e+00 -1.3590e+00 -1.0470e+00 -4.8951e-01 +6.3143e-01 +6.2322e-01 -6.9033e-02 -2.5951e+00 +2.4936e+00
55 0 +1.247927119e+01 -1.354072881e+01 -1.354072881e+01 +1.4421e+00 +3.7881e+00 -1.0815e+00 +3.9068e-01 +2.1531e-01 +1.1640e+00 -1.1865e-01 +2.5636e+00 -1.5477e+00 +3.8318e-02 -1.8391e+00 -2.5628e+00 +1.7927e-01 -1.2137e+00 +3.3074e-01 +3.4231e+00 -2.0453e-01 +2.2410e+00 +7.9700e-01 +1.3135e+00
258 0 +1.228051775e+01 -1.373948225e+01 -1.373948225e+01 +1.5735e+00 -7.0439e-01 -1.1682e+00 +2.9821e+00 +8.3926e-01 -2.0690e-01 -2.4789e+00 -9.7760e-01 +5.0356e-01 -1.5512e+00 -7.3876e-02 -3.9357e-01 +8.1731e-02 +4.5947e-01 +1.6996e+00 +1.8987e+00 -2.2660e+00 +1.3769e+00 -4.3027e-01 +1.5465e+00
303 0 +1.047783682e+01 -1.554216318e+01 -1.554216318e+01 +5.2890e-01 -1.6220e+00 +3.6468e-01 +3.4973e+00 -5.8861e-01 +9.9266e-02 -2.7349e+00 -7.1753e-01 -1.0694e-01 -9.7540e-01 -6.4247e-02 -1.5560e+00 +6.1335e-01 +1.4915e+00 +5.2958e-01 +1.5516e+00 -1.6185e+00 +4.7153e-01 -1.2279e+00 +1.3914e+00
403 0 +9.430050694e+00 -1.658994931e+01 -1.658994931e+01 +1.7147e+00 +3.1183e-01 +4.1805e-01 +6.1800e-01 +5.4124e-01 +1.7450e+00 -1.0861e+00 +4.2430e-01 -1.0184e+00 -5.2207e-01 -8.1869e-01 -4.5990e-01 -3.5189e-02 +9.0021e-01 +1.6889e+00 -3.0376e-01 -4.4888e-01 -5.3668e-01 +1.0243e+00 +6.4991e-01
409 0 +9.083707935e+00 -1.693629207e+01 -1.693629207e+01 +9.8238e-01 -6.8651e-01 +4.6944e-01 +2.0602e+00 -4.2333e-01 +9.4280e-01 -2.0101e+00 +3.9142e-02 -8.6452e-01 -8.0096e-01 -2.7171e-01 -1.3029e+00 +4.0648e-01 +1.2164e+00 +7.0291e-01 +9.6652e-01 -7.3840e-01 -1.8489e-02 -1.8537e-02 +8.8307e-01
502 0 +7.130803751e+00 -1.888919625e+01 -1.888919625e+01 +1.2368e-02 -1.3292e+00 +3.5330e-01 +2.5976e+00 +6.8609e-01 +1.6311e+00 -6.3846e-01 +4.3823e-01 -6.9661e-01 +3.3381e-01 -2.0071e+00 -8.5266e-01 +6.5264e-02 +8.8989e-01 +1.3543e+00 +6.0084e-01 -9.3749e-01 +7.2045e-01 -8.6685e-01 +7.7733e-01
760 0 +4.739196754e+00 -2.128080325e+01 -2.128080325e+01 +3.5811e-01 -1.2038e+00 +6.5047e-01 +5.9683e-01 +4.2332e-01 +1.5136e+00 -9.7098e-01 +2.1999e-01 -5.8145e-01 +1.4445e-01 -1.7605e+00 -9.5334e-01 +1.3428e-01 +1.1454e+00 +1.0926e+00 +4.3593e-01 -8.0574e-01 +2.3878e-01 -6.8602e-01 +7.0468e-01
% f evaluations | g evaluations | best noise-free fitness - Fopt (-3.015000000000e+01) + sum g_i+ | measured fitness | best measured fitness or single-digit g-values | x1 | x2...
1 0 +2.994548923e+01 -2.045107684e-01 -2.045107684e-01 -2.6514e+00 +2.3843e+00 +9.0002e-01 -2.1299e+00 +3.2635e-01 -1.3048e+00 +2.5114e+00 +1.8203e+00 +2.4322e+00 +4.0282e+00 -5.9422e-01 +3.7079e+00 -2.7347e+00 -1.2936e+00 +9.7531e-01 -9.4469e-01 +4.9788e+00 -2.6630e-01 -9.4039e-01 -3.5861e-02
3 0 +2.707093882e+01 -3.079061175e+00 -3.079061175e+00 -4.4161e+00 -2.6539e+00 -2.6214e+00 +5.6883e-01 +6.4087e-02 +1.3943e+00 -4.1553e-01 -3.7569e+00 +1.6725e+00 -3.0279e+00 +9.4067e-02 -1.8502e+00 +1.0949e+00 -2.0784e+00 +9.5744e-01 -1.0684e-01 -1.0175e+00 +2.3552e+00 -2.6576e+00 +3.2125e+00
6 0 +1.299031638e+01 -1.715968362e+01 -1.715968362e+01 -3.4909e-02 +1.8844e+00 -1.2853e+00 +9.3378e-01 +1.6307e+00 -3.1333e+00 -3.4325e-01 +2.4556e+00 -2.6727e+00 -1.6533e+00 -1.3698e+00 +1.4176e+00 +2.2416e-01 -1.7178e+00 +2.6971e+00 +1.0917e+00 -9.7535e-02 -1.3891e+00 -1.1761e+00 -1.4289e+00
102 0 +9.937385486e+00 -2.021261451e+01 -2.021261451e+01 -2.7311e+00 +1.1330e+00 -3.4883e-01 +2.3850e-01 -2.1197e-02 -1.3311e+00 +2.0622e-01 -1.0251e+00 -2.6509e-01 -8.4486e-01 -1.2518e+00 +1.5165e+00 -9.1685e-01 -1.8992e+00 +1.2231e-01 +5.5510e-02 +1.3746e+00 +3.4109e-01 -9.6952e-01 +1.3455e+00
759 0 +9.135062474e+00 -2.101493753e+01 -2.101493753e+01 -2.0111e+00 +2.8795e-01 -1.2215e+00 +1.7013e+00 +2.5688e-01 +3.4990e-02 +8.1464e-01 -2.5120e-02 +1.2459e+00 -1.9221e-01 -9.1132e-01 +1.7983e+00 +7.8163e-01 +3.8670e-02 +1.0069e-01 -6.0094e-01 -1.0432e+00 +1.5526e+00 -1.3371e+00 +1.3723e+00
810 0 +8.028699298e+00 -2.212130070e+01 -2.212130070e+01 -9.3629e-01 +1.5044e+00 -6.8346e-01 +7.4290e-01 -8.0952e-01 -5.3944e-01 +6.5458e-01 -3.5617e-02 +8.6953e-01 +2.6980e-01 +2.6257e-01 +7.9267e-01 +3.6882e-01 -1.4669e+00 +1.8934e-01 -1.4083e+00 +1.6874e-01 +2.1057e+00 -1.7825e+00 +1.0385e+00
% f evaluations | g evaluations | best noise-free fitness - Fopt (-1.000000000000e+03) + sum g_i+ | measured fitness | best measured fitness or single-digit g-values | x1 | x2...
1 0 +2.526623675e+01 -9.747337632e+02 -9.747337632e+02 -2.7057e+00 +3.7477e+00 -5.8819e-01 -7.8451e-01 +3.4451e-01 +1.4697e+00 -9.6871e-04 +1.1748e+00 -2.5622e+00 +6.9701e-01 +4.1859e+00 +2.8126e+00 -1.9279e+00 -3.5865e+00 +1.2775e+00 +2.4238e+00 -1.1243e-01 -2.0715e+00 -2.8442e+00 +1.6292e+00
2 0 +1.199982326e+01 -9.880001767e+02 -9.880001767e+02 +1.1702e+00 +1.0840e+00 -3.1440e-01 -7.1830e-01 +1.3134e+00 +1.5030e+00 -1.6170e+00 -2.2422e-01 +2.9229e+00 +3.7675e-01 -1.7276e+00 +9.3686e-01 -3.2907e+00 +1.3478e+00 +1.5204e+00 +2.4320e+00 +1.1325e+00 -1.5480e+00 +1.9398e+00 -1.6875e+00
62 0 +1.121042576e+01 -9.887895742e+02 -9.887895742e+02 +1.1702e+00 +1.0840e+00 -3.1440e-01 -7.1830e-01 +1.3134e+00 +1.5030e+00 -1.6170e+00 -2.2422e-01 +2.9229e+00 +3.7675e-01 -1.7276e+00 +9.3686e-01 -3.2907e+00 +1.3478e+00 +1.5204e+00 +2.4320e+00 +1.1325e+00 -1.5480e+00 +1.9398e+00 -8.9036e-01
205 0 +8.884141903e+00 -9.911158581e+02 -9.911158581e+02 +1.9187e+00 +1.1792e-01 +6.3784e-01 -1.0202e+00 +1.9749e+00 +9.5357e-01 -1.1385e-01 +1.0810e+00 +2.7179e+00 +9.5395e-01 +4.6573e-01 -1.2637e+00 -8.9232e-01 +1.9618e+00 +1.1135e+00 +1.7130e+00 +8.7640e-01 -1.6270e+00 +1.3967e-01 -2.0877e+00
208 0 +8.090003458e+00 -9.919099965e+02 -9.919099965e+02 +4.2835e-01 +1.2759e+00 -1.4600e+00 +9.6193e-01 +7.7403e-01 -8.9792e-01 -1.3018e+00 +1.8166e+00 +5.5148e-01 -4.7537e-01 +6.9516e-02 +6.9569e-01 -4.2519e-01 -6.6397e-01 +1.5607e+00 +2.8466e+00 +1.1096e+00 -7.9943e-01 -1.9238e-01 +1.1254e+00
% f evaluations | g evaluations | best noise-free fitness - Fopt (-9.243000000000e+02) + sum g_i+ | measured fitness | best measured fitness or single-digit g-values | x1 | x2...
1 0 +1.808369503e+01 -9.062163050e+02 -9.062163050e+02 -1.7959e+00 +2.1805e+00 +5.2048e-01 +2.2887e+00 +2.3312e+00 -5.9929e-01 -3.3449e-01 +7.8468e-01 +2.4475e-02 +1.4794e+00 -3.0008e+00 +2.0015e+00 -1.4484e+00 -1.8287e+00 +1.6770e+00 +1.2771e+00 -5.6389e-01 -1.6866e+00 -1.8696e+00 -3.1876e+00
2 0 +1.336024481e+01 -9.109397552e+02 -9.109397552e+02 -1.9157e+00 +2.0059e+00 +4.3716e-01 +2.2346e+00 +2.0853e+00 -2.4219e-01 -2.8754e-01 +8.2944e-01 -2.7090e-01 +1.5862e+00 -2.7087e+00 +1.9245e+00 -1.2726e+00 -1.3946e+00 +1.5030e+00 +1.1282e+00 -5.1033e-01 -1.3567e+00 -1.5886e+00 -2.6116e+00
60 0 +1.289260059e+01 -9.114073994e+02 -9.114073994e+02 -1.7959e+00 +2.1805e+00 +5.2048e-01 +2.2887e+00 +2.3312e+00 -5.9929e-01 -3.3449e-01 +7.8468e-01 +2.4475e-02 +1.4794e+00 -3.0008e+00 +2.0015e+00 -1.4484e+00 -1.8287e+00 +2.1555e-01 +1.2771e+00 -5.6389e-01 -1.6866e+00 -1.8696e+00 -3.1876e+00
155 0 +1.279785074e+01 -9.115021493e+02 -9.115021493e+02 -2.4553e+00 +7.8052e-01 +7.3425e-01 -8.5096e-01 +4.1189e-01 +2.3075e+00 +1.5443e+00 -4.0470e-01 -3.3729e-01 -5.7751e-01 +1.2527e+00 -7.2024e-01 -2.2131e+00 -4.6056e-01 +2.0631e+00 +2.1245e+00 +1.3135e+00 +4.5135e-01 -2.8505e+00 -4.1564e+00
207 0 +1.082673781e+01 -9.134732622e+02 -9.134732622e+02 -1.0564e+00 +7.7220e-01 +1.6015e+00 +2.0907e+00 +1.9791e+00 -1.1635e+00 -3.0789e-01 +1.7405e+00 +4.6838e-01 +1.4343e+00 -3.6323e-01 +1.9904e+00 -1.4091e+00 +1.6462e-01 -1.9392e-02 +1.0008e+00 -1.5052e-01 -2.4433e-01 -3.6017e-01 -3.3640e+00
214 0 +9.746753180e+00 -9.145532468e+02 -9.145532468e+02 -2.2231e+00 +1.5580e+00 +2.2344e-01 +2.0956e+00 +1.4546e+00 +6.7382e-01 -1.6711e-01 +9.4427e-01 -1.0286e+00 +1.8604e+00 -1.9594e+00 +1.7272e+00 -8.2150e-01 -2.8136e-01 +1.0567e+00 +7.4631e-01 -3.7295e-01 -5.1041e-01 -8.6793e-01 -6.6070e-01
309 0 +8.414693914e+00 -9.158853061e+02 -9.158853061e+02 -1.9271e+00 +3.1986e-01 +1.2646e+00 -3.1134e-01 +6.1903e-01 +1.4108e+00 +1.1726e+00 +3.4735e-01 -2.7162e-02 -1.7903e-01 +1.7804e+00 -1.6717e-01 -2.0352e+00 +3.1740e-01 +1.0826e+00 +1.1141e+00 +1.2335e+00 +7.7848e-01 -1.8472e+00 -4.0512e+00
658 0 +7.457701986e+00 -9.168422980e+02 -9.168422980e+02 -1.5061e+00 +1.1143e+00 +9.8295e-01 +7.5252e-01 +1.0043e+00 +8.7462e-01 +7.3329e-01 +1.8221e-01 -2.9723e-01 +2.1363e-01 +6.8759e-01 +4.4188e-01 -1.4437e+00 -4.1804e-01 +1.0773e+00 +1.2680e+00 +5.3010e-01 +2.7307e-01 -1.6579e+00 -3.3658e+00
711 0 +7.135355373e+00 -9.171646446e+02 -9.171646446e+02 -2.0430e+00 +1.4320e+00 +9.1564e-01 +5.3984e-01 +1.4338e+00 +8.8427e-01 +7.6452e-01 -1.5510e-03 -6.7795e-01 +3.7535e-01 -4.0919e-01 +2.5917e-01 -1.2452e+00 -9.3147e-01 +1.6085e+00 +6.8539e-01 +1.4041e-01 -2.0747e-01 -1.8157e+00 -2.0592e+00
959 0 +6.094098472e+00 -9.182059015e+02 -9.182059015e+02 -1.5741e+00 +9.8736e-01 +1.0869e+00 +5.5065e-01 +1.0351e+00 +1.7396e-01 +8.5349e-01 +1.4105e-01 -4.1862e-01 +1.2812e-01 +8.8162e-01 +2.6406e-01 -1.5333e+00 -3.2231e-01 +1.0326e+00 +1.3726e+00 +5.6831e-01 +4.0264e-01 -1.5928e+00 -3.4282e+00
% f evaluations | g evaluations | best noise-free fitness - Fopt (-1.035000000000e+01) + sum g_i+ | measured fitness | best measured fitness or single-digit g-values | x1 | x2...
1 0 +5.051281849e+01 +4.016281849e+01 +4.016281849e+01 +4.7699e+00 +4.3133e+00 +4.5844e+00 -1.4686e+00 +2.2777e+00 -8.7267e-01 -1.2884e+00 +2.8577e+00 -1.1664e+00 -1.0067e+00 -2.2461e+00 +4.0606e+00 -3.7214e-01 -3.7563e+00 -2.3497e+00 -1.0380e+00 -1.4306e+00 -2.4859e+00 +1.2532e+00 +8.7884e-01
2 0 +3.484648141e+01 +2.449648141e+01 +2.449648141e+01 +4.4503e+00 +2.9879e+00 +3.4959e+00 -1.5762e+00 +1.8617e+00 -4.6162e-01 -1.5058e+00 +2.2428e+00 -4.0084e-01 -7.0860e-01 -1.6330e+00 +3.6171e+00 -8.1159e-01 -3.8441e+00 -2.2435e+00 -1.4546e+00 -8.6423e-01 -2.1243e+00 +1.2346e+00 +1.1519e+00
3 0 +3.114338557e+01 +2.079338557e+01 +2.079338557e+01 +2.8567e+00 -3.6198e+00 -1.9303e+00 -2.1129e+00 -2.1195e-01 +1.5875e+00 -2.5898e+00 -8.2225e-01 +3.4156e+00 +7.7751e-01 +1.4232e+00 +1.4067e+00 -3.0023e+00 -4.2819e+00 -1.7141e+00 -3.5315e+00 +1.9591e+00 -3.2157e-01 +1.1416e+00 +2.5132e+00
5 0 +2.577896843e+01 +1.542896843e+01 +1.542896843e+01 -1.2917e+00 +3.8774e+00 +1.0504e+00 +2.9342e+00 -3.5031e+00 -3.2015e-01 +3.5112e-01 +2.0284e+00 +1.7409e+00 -1.7656e+00 +1.8821e-01 -6.6621e-01 -1.2168e-01 +1.5173e-01 -4.5645e+00 -2.3532e-01 +3.6876e+00 -3.3613e+00 -1.0232e+00 +6.8408e-01
9 0 +2.488956031e+01 +1.453956031e+01 +1.453956031e+01 +6.1387e-01 -3.1448e+00 -1.7488e+00 -1.8622e+00 -1.4723e-01 -4.4170e+00 +2.8085e+00 +3.9404e+00 +1.5492e+00 +6.8367e-01 -4.0471e+00 +1.0224e+00 +3.5945e+00 +9.0323e-01 +5.4392e-01 +2.9335e-01 +1.4347e+00 +1.9148e+00 +6.3388e-01 -3.4382e-01
54 0 +1.776746588e+01 +7.417465877e+00 +7.417465877e+00 +3.7461e+00 -3.4105e-02 -1.4180e+00 -3.4402e+00 -2.4612e+00 -6.6008e-01 -1.1269e+00 +1.3774e+00 +1.7864e+00 +2.6463e+00 -3.1310e+00 +1.6155e+00 +1.8445e+00 -1.2928e-01 +1.5080e+00 +9.2245e-01 +1.5051e+00 -1.3550e+00 -9.6443e-01 -6.8363e-01
56 0 +1.671822078e+01 +6.368220780e+00 +6.368220780e+00 +2.8298e+00 +3.4224e+00 -7.4256e-01 +8.8840e-02 -6.8231e-01 +1.2760e+00 +1.7690e+00 +2.7621e+00 -2.5058e+00 -2.1606e+00 -3.7285e-01 +1.6670e+00 +2.0105e+00 -7.1983e-01 -5.6337e-01 -1.5412e+00 -1.9800e+00 -1.5036e+00 +1.5223e+00 -8.6840e-01
57 0 +1.623698678e+01 +5.886986778e+00 +5.886986778e+00 +2.9775e+00 +3.3828e+00 -3.5637e-01 -6.2873e-02 -4.5052e-01 +1.1177e+00 +1.4706e+00 +2.7148e+00 -2.3141e+00 -2.0283e+00 -4.8767e-01 +1.8447e+00 +1.7534e+00 -1.0045e+00 -7.1646e-01 -1.5333e+00 -1.8783e+00 -1.5602e+00 +1.4961e+00 -6.8432e-01
105 0 +1.369827436e+01 +3.348274360e+00 +3.348274360e+00 +2.8042e+00 +3.4619e+00 -5.1131e-01 -2.1458e-01 -1.0612e+00 +6.2295e-01 +1.2932e+00 +1.9106e+00 -2.4494e+00 -1.9447e+00 -3.5515e-01 +1.4768e+00 +1.6033e+00 -1.0534e+00 -1.7993e-01 -9.7653e-01 -1.8518e+00 -1.4552e+00 +1.8151e+00 -9.8706e-01
257 0 +1.147930844e+01 +1.129308442e+00 +1.129308442e+00 +2.8459e+00 +1.9114e+00 -2.5395e-01 -8.7140e-01 +1.5257e-01 +5.7979e-01 +1.4118e-01 +2.1946e+00 -1.6110e+00 -9.5800e-01 -1.1959e+00 +2.1921e+00 +9.5195e-01 -1.0169e+00 -5.3161e-01 -1.3845e+00 -8.1514e-01 -1.3084e+00 +7.7321e-01 +5.3223e-01
352 0 +9.539936122e+00 -8.100638776e-01 -8.100638776e-01 +2.9227e+00 +1.9474e+00 +3.2418e-01 -1.0717e+00 -7.4947e-01 -4.2980e-01 -1.4690e-01 +9.0920e-01 -1.8377e+00 -1.0606e+00 -8.7814e-01 +1.7460e+00 +5.4465e-01 -1.7020e+00 +2.9844e-02 -3.9280e-01 -1.0998e+00 -1.3727e+00 +1.6539e+00 -2.5006e-01
% f evaluations | g evaluations | best noise-free fitness - Fopt (-1.000000000000e+03) + sum g_i+ | measured fitness | best measured fitness or single-digit g-values | x1 | x2...
1 0 +4.625829731e+01 -9.537417027e+02 -9.537417027e+02 +2.7905e+00 +2.8819e+00 +2.6175e+00 +1.8603e+00 +3.1694e+00 -5.7056e-01 +1.1198e+00 -4.3172e+00 -3.9108e+00 -2.1849e+00 -1.4723e+00 -1.5398e+00 +2.5550e+00 -1.3157e+00 -1.1000e+00 -9.9641e-01 +1.9444e+00 -1.0750e+00 +3.6462e+00 +8.8429e-01
2 0 +2.279408909e+01 -9.772059109e+02 -9.772059109e+02 -8.3370e-01 +8.9811e-01 -1.3936e+00 +1.8104e+00 +1.8258e-01 -2.6268e+00 -1.1974e+00 -3.2498e+00 -6.3233e-01 +3.0916e+00 -1.4320e-01 +2.7450e+00 -4.1400e+00 -2.1165e+00 -3.0895e-01 +7.5358e-01 -1.9549e+00 -5.0631e-01 -3.3307e+00 -2.2354e+00
3 0 +1.817007361e+01 -9.818299264e+02 -9.818299264e+02 -4.9049e-01 +1.4304e+00 -2.1006e+00 -1.6773e+00 -6.5423e-01 -1.8603e+00 +2.2582e+00 -2.6308e+00 +9.8804e-03 +2.2052e+00 -8.3342e-01 -2.0290e-01 -3.8745e+00 -2.6900e-01 +4.7278e-01 +2.6184e+00 -3.0289e+00 +1.4449e+00 -1.3678e+00 +5.0868e-01
53 0 +1.750081779e+01 -9.824991822e+02 -9.824991822e+02 -3.2661e-01 +1.4386e+00 -2.1434e+00 -1.6420e+00 -6.0137e-01 -1.9518e+00 +2.0475e+00 -2.7049e+00 -3.3260e-02 +1.9270e+00 -9.5271e-01 -3.5427e-01 -3.7136e+00 -6.8601e-02 +2.9883e-01 +2.4288e+00 -2.7391e+00 +1.3285e+00 -1.2987e+00 +3.0419e-01
54 0 +1.248454334e+01 -9.875154567e+02 -9.875154567e+02 +8.5781e-01 -2.1525e+00 +1.4302e+00 +6.6484e-01 -1.0230e+00 +7.0074e-02 +7.3909e-02 +2.1846e+00 -1.0946e+00 -1.8719e+00 +2.3972e+00 +1.4886e-01 -2.2988e+00 -1.5629e+00 -1.0111e+00 -2.2291e+00 +1.6330e+00 +1.2210e-01 +4.9358e-01 +2.8177e-01
314 0 +1.091827349e+01 -9.890817265e+02 -9.890817265e+02 +2.2725e+00 +8.0580e-01 -8.7195e-01 +9.4070e-01 -6.8303e-02 -2.0921e+00 +7.5733e-02 -4.3607e+00 -1.2264e+00 -1.8319e+00 -1.3664e+00 -4.6631e-01 +6.3269e-01 +7.7092e-02 -2.2665e+00 -2.7811e-02 +4.1604e-01 -6.4588e-01 +3.1543e-01 -9.6648e-01
656 0 +7.193619933e+00 -9.928063801e+02 -9.928063801e+02 -3.3611e-01 +1.9105e+00 +2.0296e-01 +1.2753e+00 -2.1063e+00 +7.0470e-01 +1.2520e+00 -1.7592e+00 -1.4272e+00 -6.9055e-01 +9.2453e-01 -1.3166e+00 +5.6199e-01 +6.4763e-01 -6.8560e-01 -2.2728e-01 +3.8453e-01 +2.3052e+00 -1.9880e-01 -1.2347e+00
% f evaluations | g evaluations | best noise-free fitness - Fopt (2.880000000000e+01) + sum g_i+ | measured fitness | best measured fitness or single-digit g-values | x1 | x2...
1 0 +5.954897795e+01 +8.834897795e+01 +8.834897795e+01 -2.3301e+00 -3.9404e-01 +3.7765e+00 +1.2493e+00 +2.2784e-01 +2.0372e+00 +2.1046e+00 +4.3148e+00 +4.1820e+00 -2.0642e+00 -1.0555e+00 +4.7412e-02 +9.6975e-02 -4.7370e+00 -5.9472e-01 -9.4081e-01 -2.7291e+00 +2.8460e+00 -3.5261e-01 -2.7990e+00
2 0 +1.574305066e+01 +4.454305066e+01 +4.454305066e+01 +8.6660e-01 +1.0682e+00 -8.3525e-02 -3.1289e+00 +6.2290e-01 +2.0194e+00 -6.1308e-01 -1.3028e+00 -2.7695e+00 -1.2909e+00 -7.9063e-01 +9.1502e-02 -1.8949e+00 -1.4480e+00 +2.8445e-02 -1.5581e-01 -2.9976e+00 +1.0008e+00 -1.5776e+00 -1.4348e+00
6 0 +1.390477623e+01 +4.270477623e+01 +4.270477623e+01 -3.3754e+00 +1.7922e+00 -8.6232e-01 -1.2256e+00 +1.2241e+00 -1.8213e+00 +1.4973e+00 -2.3314e+00 +1.3027e+00 +3.2642e+00 +1.4267e+00 -1.5580e+00 -1.3364e+00 +7.5122e-02 +3.1507e-01 +8.9625e-01 -8.5539e-01 +1.5875e+00 -1.1632e+00 +8.1594e-01
7 0 +1.243376242e+01 +4.123376242e+01 +4.123376242e+01 -3.2169e+00 +2.3517e+00 -1.2199e+00 -1.2237e+00 +1.0876e+00 -2.3550e+00 +1.2999e+00 -2.8042e+00 +7.0091e-01 +3.4690e+00 +9.2341e-01 -1.1503e+00 -9.1533e-01 +1.5744e-01 +1.0989e+00 +1.4216e+00 -1.0837e+00 +1.2850e+00 -3.0074e-01 +1.0532e+00
58 0 +9.920432223e+00 +3.872043222e+01 +3.872043222e+01 -1.1864e-01 +1.8263e+00 +3.8541e-01 -1.3396e+00 +2.1971e+00 -3.0843e-01 -1.6096e+00 -1.5380e+00 -3.1683e-01 -1.1164e-02 -8.2596e-01 -1.1140e+00 -1.0535e+00 -1.9548e+00 -1.3363e+00 -1.4942e+00 -9.7137e-01 -1.0545e-01 -2.5139e+00 -1.2071e+00
460 0 +8.258954474e+00 +3.705895447e+01 +3.705895447e+01 +2.2190e-01 +8.0216e-01 +4.4391e-01 -2.2592e+00 +6.4107e-01 +6.2952e-01 +5.0826e-02 -2.0491e-01 -1.3688e+00 -1.4605e+00 -9.4327e-01 +6.9207e-03 -1.2284e+00 -1.3243e+00 +2.0208e-01 -2.8263e-01 -2.8104e+00 +1.3720e+00 -1.3038e+00 -1.6658e+00
% f evaluations | g evaluations | best noise-free fitness - Fopt (3.534000000000e+01) + sum g_i+ | measured fitness | best measured fitness or single-digit g-values | x1 | x2...
1 0 +2.831963996e+01 +6.365963996e+01 +6.365963996e+01 -6.7826e-01 +4.0565e+00 -2.4891e+00 -2.2425e+00 -6.2803e-01 +3.6462e+00 +2.3933e+00 +3.7560e+00 -1.7185e+00 -7.3006e-01 +3.7173e-01 +3.8886e+00 -1.5637e+00 -1.3755e+00 +3.1047e+00 +5.8095e-01 +4.2796e-01 +3.9344e-01 +1.4338e+00 +3.4816e+00
2 0 +2.007490339e+01 +5.541490339e+01 +5.541490339e+01 -3.2933e+00 +4.9258e-01 +5.2752e-01 +2.9126e+00 -6.4658e-01 -2.2367e+00 +1.3526e+00 -2.1015e+00 +1.1042e+00 -1.9619e+00 -3.9476e+00 +2.6163e+00 +4.1731e-01 -1.2857e+00 +5.6560e-01 +1.4430e-02 -1.9819e+00 -7.3151e-01 +2.0569e+00 -2.7570e+00
56 0 +1.909137114e+01 +5.443137114e+01 +5.443137114e+01 -2.0138e+00 +1.6137e+00 -6.6089e-01 -5.1497e-01 -2.4577e-02 +3.9188e+00 +1.6787e+00 +1.6411e+00 -2.0415e+00 -9.1297e-01 +8.3152e-01 +2.3719e+00 -2.4217e+00 -2.2308e+00 +1.7559e+00 +6.1207e-01 +1.4804e+00 +7.3025e-01 +2.4999e-01 +1.6691e+00
102 0 +1.646272335e+01 +5.180272335e+01 +5.180272335e+01 +8.5656e-03 -1.6297e+00 +2.5752e+00 +5.6175e-01 +4.0600e-01 -4.2222e-01 +1.5423e+00 +3.8501e+00 -6.6286e-02 -3.6399e+00 -5.7534e-01 -2.6494e+00 +1.1601e+00 -2.5870e+00 +1.4277e+00 +6.2442e-01 -9.8111e-01 -1.0469e+00 +7.8350e-01 +1.3668e+00
108 0 +1.168770502e+01 +4.702770502e+01 +4.702770502e+01 -6.7222e-01 +2.4445e+00 -1.5576e+00 -4.0168e-02 -6.4052e-01 +1.9200e+00 +1.1830e+00 +3.2185e+00 -8.9617e-01 -1.8655e+00 -7.0923e-01 +1.5652e+00 -7.1027e-01 -2.3643e+00 +2.2981e+00 -3.2034e-01 +9.4852e-01 -6.2797e-01 +9.6172e-01 +9.0541e-01
207 0 +1.075310863e+01 +4.609310863e+01 +4.609310863e+01 -2.3979e+00 +2.1734e+00 +5.5604e-01 +1.7778e+00 +2.3819e-01 +7.8491e-01 +1.9760e+00 +5.7186e-01 +6.3705e-01 -1.9985e+00 -1.9715e+00 +2.1684e+00 -7.9172e-01 -1.1911e+00 +6.9531e-01 -1.2026e+00 +3.8631e-03 -1.1702e+00 +1.3385e+00 -8.3566e-01
254 0 +9.834950215e+00 +4.517495022e+01 +4.517495022e+01 -7.0349e-01 +2.2708e+00 -1.4624e+00 +4.7538e-02 -6.3341e-01 +1.8470e+00 +1.0920e+00 +3.1870e+00 -8.6531e-01 -1.9503e+00 -7.5536e-01 +1.3999e+00 -7.0016e-01 -2.4006e+00 +2.2194e+00 -3.3190e-01 +7.7239e-01 -6.2194e-01 +8.9519e-01 +7.6900e-01
1108 0 +8.517962443e+00 +4.385796244e+01 +4.385796244e+01 -1.3724e+00 +1.8485e+00 -1.1944e-01 +3.3840e-01 -9.3999e-02 +9.9893e-01 +9.3265e-01 +2.2172e+00 +1.0658e-01 -1.6131e+00 -2.4379e-01 +2.1041e+00 -5.7741e-01 -1.2387e+00 +1.5664e+00 -3.6935e-01 -6.5688e-01 -1.1149e+00 +1.0133e+00 -1.7905e-01
