% f evaluations | g evaluations | best noise-free fitness - Fopt (3.590000000000e+01) + sum g_i+ | measured fitness | best measured fitness or single-digit g-values | x1 | x2...
1 0 +1.074274761e+06 +1.074310661e+06 +1.074310661e+06 -1.1865e+00 +2.4251e-01 -3.9976e+00 -2.9171e+00 +4.9064e+00 -2.7062e-01 +9.1435e-01 -1.1529e+00 -7.6755e-01 +7.5617e-01
2 0 +1.051661798e+06 +1.051697698e+06 +1.051697698e+06 -1.5137e+00 +9.6503e-01 -3.9890e+00 -3.7066e+00 -1.4404e+00 -2.2261e+00 -8.7782e-01 +2.7147e+00 +1.3779e-02 -2.1802e+00
4 0 +3.568313301e+05 +3.568672301e+05 +3.568672301e+05 +6.4682e-01 +3.0985e+00 -3.4043e+00 -1.1649e+00 -2.4588e+00 +2.8417e-01 -3.2926e+00 +8.3221e-01 -1.9125e+00 -1.5888e+00
5 0 +3.506995326e+05 +3.507354326e+05 +3.507354326e+05 +3.1542e+00 +7.6238e-01 -1.9001e+00 -1.4613e+00 -2.4493e+00 +6.9331e-01 -2.0876e+00 +2.0628e+00 -2.0141e+00 -2.0961e+00
7 0 +1.522155589e+05 +1.522514589e+05 +1.522514589e+05 +2.8359e+00 +6.7013e-01 -1.1165e+00 -3.0540e+00 -9.8321e-01 -1.4085e+00 -2.4873e+00 +6.3523e-01 +2.2724e+00 +2.5932e+00
18 0 +1.124666734e+05 +1.125025734e+05 +1.125025734e+05 +7.4317e-01 +4.7746e+00 +2.4010e+00 +2.9255e+00 +2.3599e+00 -3.0143e+00 -3.9973e+00 +8.9698e-01 +4.7958e+00 -1.4278e+00
% f evaluations | g evaluations | best noise-free fitness - Fopt (3.137000000000e+01) + sum g_i+ | measured fitness | best measured fitness or single-digit g-values | x1 | x2...
1 0 +2.212214619e+05 +2.212528319e+05 +2.212528319e+05 -1.7659e+00 -4.2068e+00 +2.5862e-02 -1.1443e+00 -3.0485e+00 +3.2044e-01 -5.8067e-01 -2.9060e-01 +1.9115e+00 -2.8218e-01
4 0 +1.588044330e+05 +1.588358030e+05 +1.588358030e+05 +7.3739e-01 -2.0449e+00 -2.3341e+00 +2.4794e+00 -1.2243e+00 +6.4990e-02 +3.1555e+00 +3.7340e+00 +3.1441e+00 +1.0317e+00
5 0 +1.206408620e+05 +1.206722320e+05 +1.206722320e+05 +4.2768e-01 -1.8873e+00 -1.2542e-01 +8.8116e-01 +4.1226e-01 -2.9754e-02 +9.1350e-01 +1.2325e+00 +3.1612e+00 -1.9820e+00
16 0 +3.245089761e+04 +3.248226761e+04 +3.248226761e+04 +2.0957e+00 -3.6209e-01 +1.0562e+00 -2.6199e-01 -3.9201e+00 +1.0183e-01 +3.2534e+00 +1.7913e+00 +4.6071e+00 +1.7056e+00
% f evaluations | g evaluations | best noise-free fitness - Fopt (-1.000000000000e+03) + sum g_i+ | measured fitness | best measured fitness or single-digit g-values | x1 | x2...
1 0 +3.452260852e+05 +3.442260852e+05 +3.442260852e+05 -1.4466e+00 -2.6807e-01 -2.3382e+00 +2.4625e+00 -7.2092e-01 +1.2744e+00 +3.8310e-01 +8.3572e-01 -3.0083e+00 -1.9757e+00
4 0 +2.122499984e+05 +2.112499984e+05 +2.112499984e+05 -9.2700e-01 -2.0481e+00 +3.7363e+00 +1.6320e+00 -8.0558e-01 -3.5616e+00 -1.1381e-01 +2.1744e-01 -3.7246e+00 -1.1694e+00
18 0 +1.500681489e+05 +1.490681489e+05 +1.490681489e+05 -3.9858e+00 -3.4618e+00 -3.6367e+00 +1.5336e-01 -3.6469e+00 -4.8185e-01 +2.3415e+00 -1.0417e+00 -5.9403e-01 +1.5152e+00
26 0 +1.164759439e+05 +1.154759439e+05 +1.154759439e+05 -3.1917e+00 -3.2086e+00 +3.8046e+00 -3.6550e+00 -4.3227e+00 +4.1773e+00 +1.4032e+00 -2.9210e+00 +3.9107e+00 +4.9093e+00
% f evaluations | g evaluations | best noise-free fitness - Fopt (1.319200000000e+02) + sum g_i+ | measured fitness | best measured fitness or single-digit g-values | x1 | x2...
1 0 +9.585622436e+05 +9.586941636e+05 +9.586941636e+05 -3.1508e+00 +8.6145e-01 +2.5261e+00 +1.0741e+00 +1.9774e+00 -8.8059e-01 +1.0036e+00 +1.4402e+00 -2.5775e+00 +1.1386e+00
5 0 +7.633807990e+05 +7.635127190e+05 +7.635127190e+05 -1.3227e+00 -2.1235e+00 -2.2009e+00 +1.7762e+00 +1.5797e+00 -2.4741e+00 -4.1701e-01 -7.2715e-02 -1.8899e+00 -3.3536e+00
7 0 +6.946853479e+05 +6.948172679e+05 +6.948172679e+05 -1.5401e+00 -1.9579e+00 -9.9844e-01 +1.3492e+00 +1.2633e+00 -1.5770e+00 -5.7851e-02 +1.3491e-01 -1.9296e+00 -3.0658e+00
10 0 +5.943319925e+05 +5.944639125e+05 +5.944639125e+05 -1.1820e+00 +7.1842e-01 -2.5825e+00 -4.7750e+00 -4.8302e+00 +2.6395e+00 +1.8434e+00 +1.0620e+00 -2.8349e-02 +4.3955e+00
19 0 +4.487096839e+05 +4.488416039e+05 +4.488416039e+05 +3.9696e+00 +3.9580e+00 -4.7798e+00 +9.7004e-01 +3.4260e+00 +4.0545e+00 -2.8975e+00 +4.1699e+00 -4.4577e+00 -5.6838e-01
29 0 +3.797624974e+05 +3.798944174e+05 +3.798944174e+05 -3.1111e+00 -1.1134e+00 -2.1227e+00 -4.3231e+00 -1.4468e+00 -2.5694e+00 -4.1223e+00 +3.1967e+00 -3.3494e+00 -1.4557e+00
34 0 +3.268337349e+05 +3.269656549e+05 +3.269656549e+05 -2.6113e+00 +2.8340e+00 -2.7557e+00 -3.4900e+00 -3.8917e+00 +4.5271e-01 -1.8152e-01 +4.0167e-01 +2.6588e+00 +2.9840e+00
111 0 +3.169881640e+05 +3.171200840e+05 +3.171200840e+05 -2.6113e+00 +2.8340e+00 -2.7557e+00 -3.4900e+00 -3.8917e+00 +4.5271e-01 -1.8152e-01 +4.0167e-01 +1.9671e+00 +2.9840e+00
% f evaluations | g evaluations | best noise-free fitness - Fopt (5.908400000000e+02) + sum g_i+ | measured fitness | best measured fitness or single-digit g-values | x1 | x2...
1 0 +1.468047649e+05 +1.473956049e+05 +1.473956049e+05 -3.6865e+00 +8.0725e-01 -2.2296e+00 -1.5272e+00 +4.0166e+00 +1.0248e+00 +1.5980e-01 +1.3971e+00 -2.4178e-01 -1.7969e+00
2 0 +1.402443918e+05 +1.408352318e+05 +1.408352318e+05 +5.5120e-01 +9.9668e-01 +1.9933e+00 +4.1503e+00 +1.5544e+00 +1.9984e+00 +1.8196e+00 -6.7864e-01 -1.3378e+00 -1.9911e+00
3 0 +1.075804522e+05 +1.081712922e+05 +1.081712922e+05 +3.1703e+00 +3.2766e+00 +1.1501e+00 +3.2805e+00 +9.0646e-01 -1.8256e+00 -7.8317e-01 -1.5088e+00 +5.4588e-01 -1.5082e+00
4 0 +1.787150599e+04 +1.846234599e+04 +1.846234599e+04 -1.0616e+00 +2.4898e+00 +1.5488e+00 -2.7924e+00 +2.4125e+00 -2.1573e+00 +3.4423e+00 +2.7249e+00 -3.1977e+00 +3.8261e+00
9 0 +3.145392890e+02 +9.053792890e+02 +9.053792890e+02 -3.7758e+00 +2.0274e+00 -1.9701e+00 +1.4407e+00 +1.3975e-01 -3.1793e+00 +4.1002e+00 +1.0692e+00 +3.1556e+00 -1.0077e-01
58 0 +2.946924029e+02 +8.855324029e+02 +8.855324029e+02 -3.6841e+00 +1.1602e+00 -3.4954e-01 +2.1770e+00 +1.8064e+00 -2.8145e+00 +3.8813e+00 -2.4230e-01 +2.7760e+00 -2.1819e-01
207 0 +2.153362675e+02 +8.061762675e+02 +8.061762675e+02 -3.3552e+00 +3.3813e+00 -1.7873e+00 +7.6610e-02 -7.3424e-01 -9.2160e-01 +2.7609e+00 +3.6516e-01 +2.8151e+00 -1.7171e-01
% f evaluations | g evaluations | best noise-free fitness - Fopt (6.749000000000e+01) + sum g_i+ | measured fitness | best measured fitness or single-digit g-values | x1 | x2...
1 0 +4.197476167e+05 +4.198151067e+05 +4.198151067e+05 +3.7544e+00 -3.9618e-01 -1.5555e+00 -2.5993e-01 -3.9764e+00 -2.0379e+00 +1.7174e+00 +5.3430e-01 -1.8221e+00 -3.9680e-01
2 0 +3.108845931e+05 +3.109520831e+05 +3.109520831e+05 -7.3420e-01 +3.6477e-03 +2.0934e-01 -1.7468e+00 +1.5317e+00 +2.8534e+00 -3.9946e-01 +1.1286e-01 +1.5787e+00 +6.8800e-01
3 0 +1.923084286e+05 +1.923759186e+05 +1.923759186e+05 -3.4774e+00 -1.6160e-01 -8.8195e-01 +2.4751e-02 +3.2501e+00 -1.6302e+00 +1.5750e+00 +1.1544e+00 -1.9302e+00 +6.5671e-01
5 0 +1.261942240e+05 +1.262617140e+05 +1.262617140e+05 -3.0078e+00 +1.1892e+00 +1.3029e+00 +1.6210e+00 -1.1359e+00 -3.2600e+00 -1.1881e+00 +9.0496e-01 +4.0518e+00 +1.3853e+00
26 0 +6.521221711e+04 +6.527970711e+04 +6.527970711e+04 +7.9257e-01 -3.2728e+00 -1.4452e+00 +4.3376e+00 +4.3993e+00 -3.5124e+00 +4.5528e+00 -6.3716e-01 -4.5550e-01 +4.5747e+00
208 0 +6.032436529e+04 +6.039185529e+04 +6.039185529e+04 -4.4495e-01 -2.4665e-01 +1.6881e+00 +1.2334e-01 +8.0498e-01 -7.6224e-02 +7.2337e-01 -4.2997e-01 +1.7678e+00 +2.1356e+00
209 0 +5.711277241e+04 +5.718026241e+04 +5.718026241e+04 -9.3362e-02 -3.5277e-01 +1.7163e+00 +1.6678e-01 +1.1382e+00 +4.5958e-01 +9.1400e-01 -7.2546e-01 +1.4317e+00 +2.1665e+00
457 0 +4.958839048e+04 +4.965588048e+04 +4.965588048e+04 +3.3084e-01 -2.1948e+00 +4.9214e-01 +1.7776e+00 +6.9545e-01 +5.3551e-01 +5.3512e-01 -5.3791e-01 +1.2237e+00 +2.0037e+00
% f evaluations | g evaluations | best noise-free fitness - Fopt (3.085000000000e+01) + sum g_i+ | measured fitness | best measured fitness or single-digit g-values | x1 | x2...
1 0 +3.279173153e+05 +3.279481653e+05 +3.279481653e+05 +3.6090e+00 -1.7556e+00 +1.9641e+00 +2.9693e+00 -2.5091e+00 +6.6024e-02 -2.6250e+00 -1.0994e+00 +1.0848e+00 -3.2364e-01
6 0 +2.439296342e+05 +2.439604842e+05 +2.439604842e+05 -2.0946e+00 -2.6815e+00 +9.7429e-01 +2.5200e+00 +1.7161e+00 -3.8237e-01 -8.6133e-01 +2.6144e+00 -1.5680e+00 -2.0244e+00
58 0 +1.840433821e+05 +1.840742321e+05 +1.840742321e+05 -6.5468e-01 -2.6897e+00 -2.8478e+00 +3.8540e-01 -3.1230e+00 -3.6204e+00 -2.9520e+00 -1.2406e+00 -6.4965e-01 -3.3954e+00
102 0 +1.245354974e+05 +1.245663474e+05 +1.245663474e+05 -9.8593e-01 +4.2889e-01 -1.3127e+00 +1.3109e+00 +1.2514e-01 -3.3857e+00 +4.4592e-01 -2.6731e-01 -1.4616e+00 -3.8073e+00
154 0 +1.185857518e+05 +1.186166018e+05 +1.186166018e+05 -9.9836e-01 +1.3639e+00 -1.6227e+00 +7.6485e-01 +1.4425e+00 -3.1868e+00 +1.0398e+00 +3.5954e-01 -1.0914e+00 -1.8331e+00
157 0 +1.156885274e+05 +1.157193774e+05 +1.157193774e+05 -1.0006e+00 +4.4919e-01 -1.4800e+00 +1.1827e+00 +2.5237e-01 -3.3592e+00 +3.7398e-01 -1.4206e-01 -1.3209e+00 -3.3345e+00
160 0 +1.046819127e+05 +1.047127627e+05 +1.047127627e+05 -6.5468e-01 -2.6897e+00 -2.8478e+00 +3.8540e-01 -8.7920e-01 -3.6204e+00 -2.9520e+00 -1.2406e+00 -6.4965e-01 -3.3954e+00
% f evaluations | g evaluations | best noise-free fitness - Fopt (-1.255000000000e+01) + sum g_i+ | measured fitness | best measured fitness or single-digit g-values | x1 | x2...
1 0 +1.106506322e+06 +1.106493772e+06 +1.106493772e+06 -3.9722e+00 +1.1166e-01 -4.2465e+00 -5.1796e-01 +1.4462e+00 -1.3866e+00 -6.4091e-01 +2.6933e+00 -6.6781e-01 -1.9505e-01
2 0 +9.513064308e+05 +9.512938808e+05 +9.512938808e+05 +2.9010e-01 -1.8661e+00 -3.2192e+00 +1.2544e+00 -2.8047e+00 -3.0628e+00 -7.8763e-01 -5.1654e-01 -1.4615e+00 -2.2843e-01
3 0 +5.745939899e+05 +5.745814399e+05 +5.745814399e+05 +2.9689e-01 -3.1341e-01 +4.2953e-01 +3.3284e+00 +8.7126e-01 -1.4812e-01 +3.2803e+00 -2.6753e+00 -3.4576e+00 +1.3642e+00
5 0 +3.600023101e+05 +3.599897601e+05 +3.599897601e+05 -3.4226e+00 +2.7290e+00 -2.0503e+00 +9.1906e-01 -1.6684e-03 +1.5287e+00 -1.5468e+00 +2.2662e+00 +3.5254e+00 -1.5508e+00
6 0 +2.725130278e+05 +2.725004778e+05 +2.725004778e+05 -3.1901e+00 +3.3005e+00 -1.3877e+00 +1.2822e+00 -4.6503e-01 +2.1677e+00 -1.8144e+00 +2.0052e+00 +4.5041e+00 -1.9262e+00
18 0 +5.907254772e+04 +5.905999772e+04 +5.905999772e+04 +5.8687e-01 +1.3215e+00 +2.5572e+00 +3.5626e+00 +2.6885e+00 -2.5951e+00 -4.0876e+00 -1.3635e+00 +2.0807e+00 +4.4548e-02
% f evaluations | g evaluations | best noise-free fitness - Fopt (5.383900000000e+02) + sum g_i+ | measured fitness | best measured fitness or single-digit g-values | x1 | x2...
1 0 +7.949429428e+05 +7.954813328e+05 +7.954813328e+05 -3.3086e+00 -1.8534e+00 +3.5987e+00 -3.6070e+00 +3.9965e-01 -1.5190e+00 +1.5830e+00 -2.9575e-01 +8.3801e-01 +2.3730e+00
2 0 +1.207460007e+05 +1.212843907e+05 +1.212843907e+05 -3.2081e-01 -1.3293e+00 -1.1093e+00 +1.3091e+00 -2.4982e+00 +2.3822e-01 -2.2878e+00 +7.4972e-01 +2.2943e-01 -2.9790e+00
% f evaluations | g evaluations | best noise-free fitness - Fopt (-1.055600000000e+02) + sum g_i+ | measured fitness | best measured fitness or single-digit g-values | x1 | x2...
1 0 +6.432651927e+05 +6.431596327e+05 +6.431596327e+05 +4.1078e+00 -2.5519e+00 -1.9726e+00 +1.0830e+00 -2.0103e+00 -2.0054e-01 -2.1169e-01 -9.2414e-01 +2.2040e+00 +3.5595e-01
2 0 +5.814088825e+05 +5.813033225e+05 +5.813033225e+05 -4.4658e-01 -2.9508e+00 -3.9996e+00 -2.5371e+00 +1.9247e+00 +2.4926e+00 +2.0215e-01 +6.8568e-01 -1.5527e+00 +1.3397e+00
3 0 +5.503575848e+05 +5.502520248e+05 +5.502520248e+05 +5.2770e-01 -3.8154e+00 -3.4539e+00 -2.3502e+00 +1.3393e+00 +2.2985e+00 +1.6075e-01 +7.0549e-01 -2.1656e+00 +2.2341e+00
12 0 +2.826312822e+05 +2.825257222e+05 +2.825257222e+05 -2.7929e+00 -2.7779e-01 +2.8362e+00 +2.4188e-01 +3.2220e+00 +4.8100e+00 +3.2448e+00 -4.6307e+00 +3.0779e+00 -6.2066e-01
27 0 +6.730977256e+04 +6.720421256e+04 +6.720421256e+04 +1.9664e+00 -4.1230e+00 +9.6231e-01 -4.9850e+00 +1.1909e+00 -4.1993e+00 -2.7520e+00 -2.2051e+00 -2.0714e+00 -4.9867e+00
114 0 +3.409524348e+04 +3.398968348e+04 +3.398968348e+04 +6.1240e-01 -4.1230e+00 +9.6231e-01 -4.9850e+00 +1.1909e+00 -4.1993e+00 -2.7520e+00 -2.2051e+00 -2.0714e+00 -4.9867e+00
% f evaluations | g evaluations | best noise-free fitness - Fopt (9.803000000000e+01) + sum g_i+ | measured fitness | best measured fitness or single-digit g-values | x1 | x2...
1 0 +3.851547695e+05 +3.852527995e+05 +3.852527995e+05 +1.7041e+00 +4.2496e-01 +2.7712e+00 -6.3242e-01 -1.3539e+00 -1.7637e+00 +5.6947e-01 -9.6411e-01 +4.1820e-01 +2.7516e+00
4 0 +2.848317407e+05 +2.849297707e+05 +2.849297707e+05 -8.9691e-01 +1.3327e+00 +3.3087e+00 +8.6330e-02 -9.3526e-01 +3.0558e+00 +1.5215e+00 +2.2242e-01 +6.2600e-01 +5.1900e-02
6 0 +2.120596884e+05 +2.121577184e+05 +2.121577184e+05 +2.3819e-01 -1.3906e+00 +8.5092e-01 -1.1782e+00 +2.0990e+00 -2.6792e-01 +2.3309e+00 +3.9887e-01 +2.8814e-01 +3.2941e+00
10 0 +1.165559425e+05 +1.166539725e+05 +1.166539725e+05 +6.0958e-01 -9.7919e-02 -2.8220e+00 +2.7031e+00 -1.5808e+00 -4.9755e+00 +3.3917e+00 +3.4220e+00 -1.2189e+00 +1.2104e+00
157 0 +1.098666280e+05 +1.099646580e+05 +1.099646580e+05 +1.5176e+00 -1.1918e+00 -1.4513e+00 -3.1570e-01 -2.8231e+00 +1.3194e+00 +7.6606e-01 -1.3509e-01 +4.9784e-01 -3.8644e+00
214 0 +1.024155516e+05 +1.025135816e+05 +1.025135816e+05 +4.9709e-01 -4.1386e-01 -1.7960e+00 +2.6689e+00 -7.4011e-01 -1.4111e+00 +2.8221e+00 +2.5322e+00 -9.5836e-01 +6.5281e-01
% f evaluations | g evaluations | best noise-free fitness - Fopt (1.000000000000e+03) + sum g_i+ | measured fitness | best measured fitness or single-digit g-values | x1 | x2...
1 0 +2.013962089e+05 +2.023962089e+05 +2.023962089e+05 -5.5566e-01 -3.7009e+00 -2.9284e+00 -9.2191e-01 -5.3617e-01 +5.1329e-01 -2.3461e+00 +1.8236e+00 -2.2950e-01 -1.0208e+00
4 0 +1.691557256e+05 +1.701557256e+05 +1.701557256e+05 +3.4648e+00 -2.5388e+00 -3.6633e+00 -1.7985e+00 -1.4939e+00 -3.3107e+00 -8.7562e-01 +7.7545e-01 +2.1790e-01 -2.3905e-01
5 0 +1.627633523e+05 +1.637633523e+05 +1.637633523e+05 +3.7284e+00 -1.6796e+00 -3.9208e+00 -2.2685e+00 -2.5937e+00 -3.3138e+00 +1.3541e-01 +7.0656e-01 -2.1409e-01 +2.1616e-01
6 0 +1.259341711e+05 +1.269341711e+05 +1.269341711e+05 -1.3493e+00 -5.9494e-01 +2.0218e+00 +6.6092e-01 +1.0243e+00 +2.6066e+00 -6.7890e-01 -3.2994e+00 +6.8533e-01 +1.5785e-01
13 0 +4.688436134e+04 +4.788436134e+04 +4.788436134e+04 -4.4797e+00 +3.3251e+00 -5.2273e-01 +2.2667e+00 +2.3227e-01 -3.0540e+00 +3.7570e+00 -2.3285e+00 +2.7859e+00 -1.3505e+00
37 0 +2.044365553e+03 +3.044365553e+03 +3.044365553e+03 -4.4797e+00 +3.3251e+00 -4.6154e+00 +2.2667e+00 +2.3227e-01 -3.0540e+00 +3.7570e+00 -2.3285e+00 +2.7859e+00 -1.3505e+00
% f evaluations | g evaluations | best noise-free fitness - Fopt (1.490000000000e+00) + sum g_i+ | measured fitness | best measured fitness or single-digit g-values | x1 | x2...
1 0 +3.509639700e+05 +3.509654600e+05 +3.509654600e+05 +5.2287e-01 -2.6866e+00 +1.3904e-02 -1.6496e+00 +7.9042e-01 +1.2498e+00 +2.0508e-01 -5.4164e-01 +1.1974e+00 -2.5076e+00
6 0 +3.262388489e+05 +3.262403389e+05 +3.262403389e+05 +1.2371e-01 +2.0657e+00 -1.2644e+00 -6.2644e-01 -9.1466e-01 +5.5370e-01 +9.3368e-01 -1.2351e+00 +2.8373e+00 +4.3119e-01
7 0 +3.048626356e+05 +3.048641256e+05 +3.048641256e+05 +1.6578e-01 +1.6557e+00 -1.0942e+00 -7.6768e-01 -8.7885e-01 +9.6331e-01 +9.3597e-01 -8.7910e-01 +3.1175e+00 +4.3183e-01
12 0 +4.098149308e+02 +4.113049308e+02 +4.113049308e+02 +4.5338e+00 -4.3650e+00 -4.4479e+00 +4.3480e-01 +6.0602e-01 -9.5544e-01 +2.3539e+00 +3.5616e+00 +1.5672e+00 +4.8547e+00
60 0 +2.059260797e+02 +2.074160797e+02 +2.074160797e+02 +4.5338e+00 -2.5892e+00 -4.4479e+00 +4.3480e-01 +6.0602e-01 -9.5544e-01 +2.3539e+00 +3.5616e+00 +1.5672e+00 +4.8547e+00
% f evaluations | g evaluations | best noise-free fitness - Fopt (5.963500000000e+02) + sum g_i+ | measured fitness | best measured fitness or single-digit g-values | x1 | x2...
1 0 +4.666200908e+05 +4.672164408e+05 +4.672164408e+05 -1.9226e+00 -2.7566e+00 +2.5252e+00 +2.5939e+00 -2.1145e+00 +4.0676e+00 +1.2109e+00 +3.6336e-01 -1.9658e-01 +1.6774e-02
12 0 +3.641863069e+05 +3.647826569e+05 +3.647826569e+05 -4.2991e+00 -2.0771e+00 +5.6070e-01 +3.2020e+00 -1.4302e+00 +4.1939e+00 +3.8860e+00 -1.3974e-01 -3.6947e+00 -1.4362e+00
18 0 +1.848186320e+05 +1.854149820e+05 +1.854149820e+05 -2.6058e+00 -4.9443e+00 -1.3184e+00 -1.0306e-01 +2.3721e+00 -2.0062e+00 +1.7546e-01 +4.4167e+00 -1.1984e+00 +3.4340e+00
39 0 +1.265526150e+05 +1.271489650e+05 +1.271489650e+05 -4.2337e-01 +3.9021e+00 -1.1010e+00 -1.5888e-01 +4.4345e+00 +4.8432e+00 +4.6555e+00 +9.9477e-02 -3.4439e+00 +2.9358e+00
% f evaluations | g evaluations | best noise-free fitness - Fopt (-1.189700000000e+02) + sum g_i+ | measured fitness | best measured fitness or single-digit g-values | x1 | x2...
1 0 +3.825773713e+05 +3.824584013e+05 +3.824584013e+05 -9.8600e-01 +5.5186e-01 +3.1591e+00 -4.6278e-03 -3.4223e+00 +1.3279e+00 +9.1844e-01 +6.9858e-01 +5.0602e-01 +8.6558e-01
5 0 +2.358037024e+05 +2.356847324e+05 +2.356847324e+05 +2.0096e-01 +1.8386e-01 +2.1797e+00 -4.0797e-01 -2.8237e+00 -2.4055e+00 -1.7476e+00 +1.1271e+00 +1.0422e+00 -2.4616e+00
11 0 +1.782760355e+05 +1.781570655e+05 +1.781570655e+05 -3.3529e+00 +7.5716e-02 -1.5989e+00 -1.5931e+00 -1.3605e+00 -4.2393e+00 -6.3990e-01 -2.3598e+00 +1.9145e+00 +3.4661e+00
