% f evaluations | g evaluations | best noise-free fitness - Fopt (1.000000000000e+03) + sum g_i+ | measured fitness | best measured fitness or single-digit g-values | x1 | x2...
1 0 +1.331940323e+03 +2.331940323e+03 +2.331940323e+03 -1.0327e+00 -1.2435e-01 -3.9946e+00 +4.7387e+00 -2.0863e+00 +3.5792e+00 +6.8607e-01 -2.3777e+00 +1.3288e+00 +5.3773e-01 +7.6159e-01 -2.7596e+00 -1.2174e+00 +1.2093e+00 -1.8264e-01 -5.8854e-01 -6.8259e-02 -9.3486e-01 -8.2544e-01 +8.7872e-01
2 0 +1.023343261e+03 +2.023343261e+03 +2.023343261e+03 -3.1553e-01 +3.0366e+00 +3.1747e+00 -8.7280e-01 -2.7903e+00 -3.7554e+00 +1.9825e+00 -1.8190e+00 +3.1677e+00 -1.3625e+00 +3.7266e+00 -1.1449e+00 +1.8270e+00 -2.5894e+00 -1.1990e-01 +2.0585e+00 +1.0108e-01 +1.7685e+00 +1.6030e+00 -1.6506e+00
159 0 +9.134572730e+02 +1.913457273e+03 +1.913457273e+03 +2.5149e-01 +3.7536e-01 +4.7282e-01 -7.5399e-02 +3.0844e+00 +1.5233e+00 -1.2093e+00 +3.2540e+00 +2.2867e+00 +9.0141e-01 -1.5783e+00 +1.6082e+00 -4.5682e-01 +6.5419e-01 -3.4948e+00 -5.7201e-01 +2.9146e+00 -1.5400e+00 -1.1444e+00 -3.4646e+00
252 0 +8.809768731e+02 +1.880976873e+03 +1.880976873e+03 +1.3224e+00 -2.4590e+00 +5.8860e-02 +7.3701e-01 +2.5216e-01 -9.0700e-01 -1.2257e+00 -2.5302e-01 +2.1586e+00 -3.3487e-02 +2.7003e+00 +3.0152e-01 -3.4735e+00 +8.1888e-03 -1.3838e-01 +2.5078e+00 -1.5865e+00 -1.2786e+00 +1.1726e+00 -1.4578e+00
504 0 +7.613754836e+02 +1.761375484e+03 +1.761375484e+03 -2.0132e-01 +3.2436e-01 -1.2600e+00 +1.6999e+00 +1.5427e+00 +2.2679e+00 -6.2741e-01 -7.2434e-01 +1.8778e+00 +8.0007e-01 -8.6060e-01 +1.8032e-01 -6.4372e-01 +6.8625e-01 -2.6477e+00 -1.5024e-01 +2.1313e+00 -1.4354e+00 -5.7859e-01 -1.9972e+00
% f evaluations | g evaluations | best noise-free fitness - Fopt (7.003000000000e+01) + sum g_i+ | measured fitness | best measured fitness or single-digit g-values | x1 | x2...
1 0 +3.970133192e+03 +4.040163192e+03 +4.040163192e+03 +3.4393e+00 +1.2439e+00 +4.9657e+00 +2.8332e+00 -3.9927e-01 +8.2831e-01 +2.4678e+00 -3.5091e+00 +2.5633e+00 -6.1800e-01 -1.1103e-01 -1.1212e+00 -4.0941e+00 -6.9847e-02 -2.4166e+00 -1.2608e+00 -4.2258e-01 -1.3755e+00 +2.6041e+00 +1.5841e+00
2 0 +1.637845178e+03 +1.707875178e+03 +1.707875178e+03 +1.5620e+00 +3.2116e+00 -1.1752e+00 +2.3200e+00 -3.4545e+00 +2.8485e+00 +1.9376e+00 +3.0445e+00 -1.0888e+00 -9.2932e-01 -4.2495e+00 -3.6661e+00 -1.1089e+00 +2.0763e-01 +3.1988e+00 -3.0946e+00 -5.7214e-01 -3.4876e+00 -1.5313e+00 +2.8815e+00
3 0 +1.332546962e+03 +1.402576962e+03 +1.402576962e+03 +1.1636e+00 +4.0674e+00 -2.5012e+00 -1.8647e+00 -5.4979e-01 +2.3129e-01 +3.9366e+00 +1.7756e+00 -1.8363e+00 -8.9262e-01 -2.4538e+00 -3.7418e+00 -2.2384e+00 +2.0478e+00 -6.7279e-02 -6.8125e-01 +1.0375e+00 -2.5976e+00 -7.5726e-01 +4.0554e+00
6 0 +1.106366256e+03 +1.176396256e+03 +1.176396256e+03 -2.2492e+00 +5.9161e-01 +1.0417e+00 +1.3523e+00 +8.2548e-01 +1.8195e+00 +5.8211e-01 +2.1892e+00 +1.9147e+00 +9.4736e-01 +6.8652e-01 -3.7387e+00 +1.5716e+00 +1.4536e+00 +1.8225e+00 -3.2615e+00 -2.3407e-02 -1.3463e+00 +1.8674e+00 -6.4685e-01
16 0 +9.850294936e+02 +1.055059494e+03 +1.055059494e+03 -3.6025e+00 +1.8866e+00 -3.8541e+00 +2.6967e+00 -4.2435e+00 +6.4622e-01 +2.7711e-01 -3.7770e+00 -5.0269e-02 -1.7653e+00 -1.3998e+00 -3.4662e+00 +1.8654e+00 +4.8713e+00 -8.6201e-02 -4.4725e+00 +5.7154e-01 +1.3467e-01 -3.5357e+00 +3.5610e+00
53 0 +8.826667641e+02 +9.526967641e+02 +9.526967641e+02 -1.9387e+00 +1.7347e+00 -1.7702e+00 +2.7290e+00 -3.3352e+00 +6.8924e-01 +7.9472e-01 -3.7137e+00 +5.6726e-01 -1.4942e+00 -1.0953e+00 -2.9121e+00 +4.5730e-01 +3.7038e+00 -6.3682e-01 -3.7137e+00 +3.3665e-01 -2.2214e-01 -2.0850e+00 +3.0939e+00
158 0 +8.304982419e+02 +9.005282419e+02 +9.005282419e+02 -2.7078e+00 +2.8278e-01 -8.8831e-01 +2.5945e+00 -3.5113e+00 +1.6125e-01 +5.8824e-01 -3.0570e+00 -3.0205e-01 -1.5517e+00 -7.3903e-01 -1.8681e+00 +5.1121e-01 +4.0425e+00 -1.0013e-01 -3.2096e+00 -3.3276e-01 -8.7626e-01 -1.5100e+00 +1.5770e+00
360 0 +7.606651554e+02 +8.306951554e+02 +8.306951554e+02 -3.2354e+00 +1.2286e+00 -2.6373e+00 +2.6548e+00 -3.3420e+00 +4.4725e-01 +4.0476e-01 -3.4816e+00 -1.5357e-01 -1.6777e+00 -1.1287e+00 -2.8105e+00 +1.3098e+00 +4.5313e+00 -9.1917e-02 -3.9544e+00 +2.0053e-01 -2.8008e-01 -2.7046e+00 +1.5347e+00
413 0 +7.032889233e+02 +7.733189233e+02 +7.733189233e+02 -2.1753e+00 -4.9484e-01 -1.4845e+00 +1.8825e+00 -4.0098e-01 +9.9969e-01 -5.7402e-01 -1.1212e+00 +2.9964e-01 -2.2622e+00 -7.0481e-01 -2.4447e+00 -2.3143e-02 +2.0090e+00 +3.2968e-01 -9.4420e-01 -1.0763e+00 -2.1758e+00 -6.9279e-01 +1.0174e+00
% f evaluations | g evaluations | best noise-free fitness - Fopt (-4.822000000000e+01) + sum g_i+ | measured fitness | best measured fitness or single-digit g-values | x1 | x2...
1 0 +1.328951741e+03 +1.280731741e+03 +1.280731741e+03 +2.4208e-01 +1.3677e-01 -1.9977e+00 -4.4185e+00 -3.3211e+00 -4.7756e+00 -1.1117e+00 -9.1483e-01 -1.8481e+00 +1.1386e+00 +2.1061e+00 +2.2256e+00 +4.6471e-01 +1.1070e+00 -1.0351e+00 +1.6182e+00 +3.4197e+00 +1.0397e+00 +3.2168e-01 -2.7998e+00
4 0 +1.247558239e+03 +1.199338239e+03 +1.199338239e+03 -3.9111e+00 -3.1161e+00 +2.6179e+00 -3.2539e-01 +1.1730e+00 -1.6118e+00 -1.2259e+00 -4.0986e-01 +2.6417e+00 -1.7692e+00 -9.2820e-01 -1.9634e+00 -5.2888e-01 -4.8726e-01 -1.0773e+00 -3.9361e-02 -1.9282e+00 +9.0864e-01 +2.8128e+00 -2.6798e+00
19 0 +9.561180170e+02 +9.078980170e+02 +9.078980170e+02 -3.0674e+00 +2.3406e+00 -6.0155e-01 +3.4571e+00 -1.4712e+00 -3.7864e+00 -2.0141e+00 -2.5464e+00 +4.0499e-01 -1.7802e+00 -3.3715e-01 -2.1641e+00 +4.1695e+00 +3.8426e+00 -3.1454e+00 -1.8418e+00 -4.5634e+00 +2.0729e+00 +2.3627e+00 -1.4948e+00
20 0 +9.448704467e+02 +8.966504467e+02 +8.966504467e+02 -4.8504e-01 -2.8425e+00 -4.4931e+00 -1.3633e+00 -3.4338e+00 +3.1834e-01 +4.2769e+00 +4.2552e+00 +2.4987e-01 +3.4940e+00 -3.0687e+00 +2.3007e+00 -2.0234e+00 -8.7638e-01 +2.9284e+00 -1.1144e+00 -4.3760e+00 -1.5291e+00 +2.2124e+00 -1.2913e+00
63 0 +8.956799637e+02 +8.474599637e+02 +8.474599637e+02 -3.0674e+00 +2.3406e+00 -6.0155e-01 +3.4571e+00 -1.4712e+00 -3.7864e+00 -2.0141e+00 -2.5464e+00 +4.0499e-01 -1.7802e+00 -3.3715e-01 -2.1641e+00 +4.1695e+00 +3.8426e+00 -1.1059e+00 -1.8418e+00 -4.5634e+00 +2.0729e+00 +2.3627e+00 -1.4948e+00
163 0 +8.820828958e+02 +8.338628958e+02 +8.338628958e+02 -3.0674e+00 +2.3406e+00 -6.0155e-01 +3.4571e+00 -1.4712e+00 -3.7864e+00 -2.0141e+00 -2.5464e+00 +4.0499e-01 -1.7802e+00 -3.3715e-01 -2.1641e+00 +4.1695e+00 +3.8426e+00 -1.1059e+00 -1.8418e+00 -4.5634e+00 +2.0729e+00 +2.8096e-01 -1.4948e+00
208 0 +8.481920580e+02 +7.999720580e+02 +7.999720580e+02 -3.1190e+00 +2.2629e+00 -5.6339e-01 +2.2316e+00 -9.2352e-01 -2.5373e+00 -8.4065e-01 -1.3414e+00 +9.2533e-01 -5.1238e-01 -8.3587e-01 -2.2892e+00 +3.1447e+00 +3.3437e+00 -1.0475e-01 -1.3473e+00 -3.2385e+00 +6.4035e-01 +7.7629e-01 -1.0870e+00
% f evaluations | g evaluations | best noise-free fitness - Fopt (2.547000000000e+01) + sum g_i+ | measured fitness | best measured fitness or single-digit g-values | x1 | x2...
1 0 +1.820413112e+03 +1.845883112e+03 +1.845883112e+03 -3.8873e+00 -4.0607e+00 +1.0183e-02 -4.3911e+00 +3.4063e+00 -1.5478e+00 -1.7005e+00 +1.3591e+00 +1.5406e-01 -1.9353e+00 +2.4946e+00 +2.7387e+00 -3.3735e-01 -3.7863e+00 +1.1121e+00 +1.7707e+00 +2.1974e+00 -7.2970e-01 -3.1251e+00 -7.7160e-01
2 0 +1.512742263e+03 +1.538212263e+03 +1.538212263e+03 -3.4573e+00 -2.4460e-01 -1.7906e+00 +2.6689e-01 +7.0681e-02 -2.5885e+00 +3.2331e+00 +1.6130e+00 +1.2433e+00 +3.1647e+00 -2.5857e+00 +1.7116e+00 -1.0720e+00 +1.1013e-01 +3.4523e+00 +3.5746e+00 +5.5367e-03 -3.5402e+00 +1.1091e-01 +6.9183e-01
3 0 +1.427941222e+03 +1.453411222e+03 +1.453411222e+03 -4.3280e+00 +4.2135e+00 -3.7191e+00 -2.4453e+00 +2.3951e+00 +5.4197e-01 -2.0930e+00 +5.7704e-01 -8.6746e-02 -1.8271e+00 -2.3794e-01 -2.8476e+00 +1.1053e+00 +3.7760e+00 +1.4248e+00 -2.4442e-01 +1.0530e+00 -4.5872e+00 -9.6052e-01 +1.8157e+00
9 0 +1.300645225e+03 +1.326115225e+03 +1.326115225e+03 -2.1341e+00 -1.2155e+00 -1.9267e+00 +1.3196e+00 +1.1829e-01 -2.8501e+00 +2.6181e+00 +1.7004e+00 +1.2035e+00 +2.3058e+00 -2.2692e+00 +1.2378e+00 -9.0846e-01 -3.3409e-01 +3.1968e+00 +3.5080e+00 +2.9939e-01 -2.0951e+00 +2.3427e-01 -3.3901e-01
20 0 +1.109978175e+03 +1.135448175e+03 +1.135448175e+03 -3.4869e+00 -4.4690e+00 +4.2629e+00 +1.9451e+00 +4.7862e-01 -1.0258e+00 -4.4720e+00 +4.0191e-01 +2.7762e+00 -3.3389e+00 -3.4871e+00 +3.6414e+00 -2.4510e+00 -1.4662e+00 +4.5427e+00 +1.6028e+00 +1.8514e+00 -1.1672e+00 -2.6723e+00 -4.8624e+00
30 0 +1.015889112e+03 +1.041359112e+03 +1.041359112e+03 -2.4503e+00 -1.5181e-01 +2.8592e-01 -3.8062e+00 +3.1081e-01 -2.3486e+00 +1.7652e+00 -3.7393e+00 +4.9589e+00 +3.9846e+00 -3.8095e+00 +3.0844e-02 +2.2806e+00 +4.9478e+00 -1.0040e+00 -4.5280e+00 +4.9317e+00 +2.4488e+00 +2.5274e+00 -2.6880e-01
154 0 +9.485430297e+02 +9.740130297e+02 +9.740130297e+02 -2.6958e+00 +3.7556e-01 -3.2680e-01 -1.2305e+00 +1.5230e+00 -2.4956e-02 +1.1515e+00 -8.6143e-01 +1.5978e+00 +9.3318e-01 -1.7294e-01 +1.0822e+00 +5.3429e-01 +3.1182e+00 -7.4616e-01 -5.8263e-01 +3.2433e+00 +6.0279e-01 +8.2487e-01 -4.0338e-01
155 0 +7.764097868e+02 +8.018797868e+02 +8.018797868e+02 -2.6387e+00 +2.5284e-01 -1.8422e-01 -1.8299e+00 +1.2409e+00 -5.6568e-01 +1.2943e+00 -1.5311e+00 +2.3800e+00 +1.6433e+00 -1.0192e+00 +8.3756e-01 +9.4065e-01 +3.5439e+00 -8.0617e-01 -1.5007e+00 +3.6362e+00 +1.0324e+00 +1.2210e+00 -3.7206e-01
% f evaluations | g evaluations | best noise-free fitness - Fopt (-1.008100000000e+02) + sum g_i+ | measured fitness | best measured fitness or single-digit g-values | x1 | x2...
1 0 +1.300993996e+03 +1.200183996e+03 +1.200183996e+03 +4.8856e-02 -4.5452e+00 -4.0199e+00 -6.4307e-01 -2.9242e+00 -4.1348e-01 -6.9723e-01 +1.4467e+00 -1.3401e+00 +2.4461e+00 -1.3703e+00 -1.5066e+00 +3.2587e+00 +6.0399e-01 +4.8192e+00 +1.3249e+00 +2.9134e-01 +4.2074e-01 -1.7310e+00 +1.4354e+00
2 0 +6.380158751e+02 +5.372058751e+02 +5.372058751e+02 +7.4240e-01 +1.7083e+00 -2.2092e+00 +3.1493e+00 +1.9538e+00 +1.7385e+00 -1.6465e+00 -2.6242e+00 -1.1480e+00 -3.3659e+00 +1.6288e+00 -1.8791e+00 +2.2460e+00 -2.1027e+00 +1.6451e+00 +1.5919e+00 +2.8214e+00 -1.5664e+00 -7.4581e-01 +3.7827e+00
62 0 +6.116974549e+02 +5.108874549e+02 +5.108874549e+02 +7.4240e-01 +1.7083e+00 -2.2092e+00 +3.1493e+00 +1.9538e+00 +1.7385e+00 -1.6465e+00 -2.6242e+00 -1.1480e+00 -3.3659e+00 +1.6288e+00 -1.8791e+00 +2.2460e+00 -2.1027e+00 +1.6451e+00 +1.5919e+00 +2.8214e+00 -1.3484e+00 -7.4581e-01 +3.7827e+00
160 0 +5.851191692e+02 +4.843091692e+02 +4.843091692e+02 +7.4240e-01 +1.7083e+00 -1.3199e+00 +3.1493e+00 +1.9538e+00 +1.7385e+00 -1.6465e+00 -2.6242e+00 -1.1480e+00 -3.3659e+00 +1.6288e+00 -1.8791e+00 +2.2460e+00 -2.1027e+00 +1.6451e+00 +1.5919e+00 +2.8214e+00 -1.3484e+00 -7.4581e-01 +3.7827e+00
205 0 +4.887189099e+02 +3.879089099e+02 +3.879089099e+02 +6.0334e-01 +4.5442e-01 -1.8613e+00 +2.3889e+00 +9.7573e-01 +1.3070e+00 -1.4561e+00 -1.8080e+00 -1.1865e+00 -2.2005e+00 +1.0275e+00 -1.8044e+00 +2.4490e+00 -1.5599e+00 +2.2815e+00 +1.5384e+00 +2.3141e+00 -9.9363e-01 -9.4335e-01 +3.3120e+00
% f evaluations | g evaluations | best noise-free fitness - Fopt (-3.531300000000e+02) + sum g_i+ | measured fitness | best measured fitness or single-digit g-values | x1 | x2...
1 0 +1.559901273e+03 +1.206771273e+03 +1.206771273e+03 -3.5159e+00 -3.2110e+00 -4.5485e-01 +1.7956e+00 +1.6709e+00 -2.3029e+00 +1.1766e+00 -1.5100e+00 +2.2460e+00 +3.7606e+00 -7.5148e-01 +1.4058e+00 -2.1748e-01 -9.3983e-01 +2.1265e+00 +3.3292e+00 -9.0982e-01 -2.2507e+00 -2.1999e+00 +2.2095e+00
3 0 +1.361860537e+03 +1.008730537e+03 +1.008730537e+03 +2.2202e+00 -1.7621e-02 +3.3044e-01 +1.3660e+00 +9.0320e-01 -2.3359e+00 +4.1843e+00 +6.6541e-01 -1.0457e-01 +3.3050e+00 +1.7154e+00 +2.2471e+00 +3.2884e+00 -2.3432e+00 -1.8285e+00 +3.8997e+00 -2.0993e+00 -1.9858e+00 -2.2261e+00 -2.9498e+00
4 0 +9.443260605e+02 +5.911960605e+02 +5.911960605e+02 +2.5546e+00 -2.5511e+00 -9.8993e-01 -3.3194e+00 -3.7706e+00 +2.3170e+00 -3.8562e+00 -1.0647e+00 +2.0093e+00 +2.5759e+00 +2.9064e+00 +7.5091e-01 -8.5306e-01 -1.1091e+00 -1.1141e+00 +2.4619e+00 -2.7992e+00 +1.5256e+00 +2.1089e+00 -5.6133e-01
6 0 +8.949463042e+02 +5.418163042e+02 +5.418163042e+02 +2.0980e-01 -3.6402e+00 -2.5314e+00 -3.3660e+00 -5.4154e-01 -9.0529e-01 -1.9499e+00 -1.9202e+00 +2.8805e+00 +1.8745e+00 +7.1682e-01 -2.7757e-01 -3.0057e+00 -6.9011e-01 -1.3304e+00 +2.7832e+00 -3.5600e+00 +1.1436e+00 +1.7899e+00 -8.9025e-01
55 0 +7.853761287e+02 +4.322461287e+02 +4.322461287e+02 -2.3353e+00 +3.6661e+00 -4.2467e+00 +5.0048e-01 -1.2532e+00 +2.9964e+00 +1.1703e+00 -1.1960e+00 +2.7369e+00 -1.1987e+00 +9.7573e-01 -3.6266e+00 +2.8664e+00 -3.3806e+00 -2.9653e+00 +4.7910e-01 -2.8953e-01 +1.5507e+00 +1.1962e+00 -8.9379e-01
206 0 +7.302836014e+02 +3.771536014e+02 +3.771536014e+02 -2.9641e+00 -3.1680e-02 -2.2138e+00 +9.8295e-01 +3.0446e-01 +1.4636e-01 +1.1891e+00 -1.3347e+00 +2.4507e+00 +1.4212e+00 +2.2685e-02 -9.2344e-01 +1.2343e+00 -2.0426e+00 -2.3087e-01 +2.0034e+00 -6.1507e-01 -4.6593e-01 -6.1635e-01 +7.7483e-01
% f evaluations | g evaluations | best noise-free fitness - Fopt (8.716000000000e+01) + sum g_i+ | measured fitness | best measured fitness or single-digit g-values | x1 | x2...
1 0 +1.036651794e+03 +1.123811794e+03 +1.123811794e+03 +4.9810e+00 +1.0556e+00 -8.4467e-01 +3.5068e+00 -3.8003e+00 +2.9166e+00 -1.6229e+00 +3.1173e+00 -1.3991e-02 -1.0575e+00 +2.0965e-02 -1.1980e+00 +2.1422e-01 -2.0718e+00 -3.1863e+00 -2.5392e+00 +4.8961e+00 +1.5623e+00 +6.5797e-01 +5.6504e-01
2 0 +6.477582613e+02 +7.349182613e+02 +7.349182613e+02 +4.3722e+00 -1.8871e+00 -2.6308e+00 +3.4295e+00 -9.0176e-01 -5.6734e-01 -8.4346e-01 +3.4570e+00 +1.7005e+00 -1.7269e+00 -2.8569e+00 -1.2909e+00 +8.0945e-02 -1.6929e+00 +5.9123e-01 -1.8444e+00 -5.3204e-01 -2.0454e+00 -1.1377e+00 -8.5750e-01
34 0 +6.287124246e+02 +7.158724246e+02 +7.158724246e+02 +2.9016e+00 -3.7105e+00 +6.3611e-01 +1.7811e+00 +4.2235e+00 -2.3674e+00 +1.7223e+00 -1.0260e+00 -4.8206e+00 -3.5270e+00 -3.8227e+00 -4.0351e+00 -3.8614e-01 -1.2103e+00 +4.1986e+00 -3.7966e+00 -3.2184e+00 +6.8889e-01 -3.3128e+00 +8.4062e-01
55 0 +4.639084838e+02 +5.510684838e+02 +5.510684838e+02 +2.3269e+00 -2.0068e+00 -2.8984e+00 +2.7031e+00 +2.0792e-01 +5.1640e-01 +7.9525e-02 +1.9451e+00 +1.1793e+00 -1.5578e+00 -1.1615e+00 -6.9150e-01 +1.1278e+00 -3.5624e-01 +6.0564e-02 -1.1124e+00 -1.5811e+00 -5.8881e-01 -1.9708e+00 -7.3336e-01
% f evaluations | g evaluations | best noise-free fitness - Fopt (-3.475000000000e+01) + sum g_i+ | measured fitness | best measured fitness or single-digit g-values | x1 | x2...
1 0 +1.903998449e+03 +1.869248449e+03 +1.869248449e+03 -1.4699e+00 +2.0150e+00 +3.1842e+00 -1.8672e+00 +4.3497e+00 +3.8482e+00 -3.2209e+00 +3.5762e+00 +4.1265e+00 +3.2005e+00 +2.2913e+00 +4.0673e-01 +1.7689e+00 -2.0337e+00 -8.7743e-01 -2.5405e+00 +1.8556e+00 +2.1859e+00 -1.8044e+00 -1.8720e+00
2 0 +1.374564209e+03 +1.339814209e+03 +1.339814209e+03 +1.7325e+00 +9.1716e-01 +1.6008e+00 +1.9053e+00 -7.3682e-01 +3.1805e+00 +4.3345e+00 -1.5355e+00 -1.3079e+00 -2.7815e+00 +1.9833e+00 -4.2594e+00 +7.3011e-01 -2.8972e+00 -2.1874e+00 +2.6132e+00 -2.4226e+00 +1.4848e+00 -1.5176e+00 +1.2283e+00
8 0 +9.187881979e+02 +8.840381979e+02 +8.840381979e+02 -2.7337e-02 -3.7957e-01 -1.7379e+00 +5.5260e-01 +1.9452e+00 -2.6693e+00 -2.4712e+00 +1.8271e+00 -1.0014e+00 +2.3484e+00 -7.8756e-01 -1.1088e+00 +1.2420e+00 -1.6160e+00 +2.2066e+00 -1.3153e+00 -2.3632e-01 +2.0148e+00 -1.5074e+00 -3.0816e+00
106 0 +5.166600194e+02 +4.819100194e+02 +4.819100194e+02 -5.2874e-01 +1.8216e+00 +1.8421e-01 +1.6628e+00 -2.8396e-02 +2.7471e+00 +4.2419e+00 -1.8728e+00 +7.1554e-01 +1.3378e+00 +1.5720e+00 +9.2876e-01 -1.1257e+00 -2.9818e+00 +1.7657e+00 +1.8625e+00 -2.9350e+00 -3.3277e-01 -2.5108e+00 +2.6379e+00
258 0 +4.494512714e+02 +4.147012714e+02 +4.147012714e+02 -9.9189e-01 +2.4760e-01 +1.1272e+00 +1.3413e+00 +5.6753e-01 -1.9197e-01 +2.5209e+00 -4.9712e-01 +6.9214e-01 +3.4492e-01 -4.7526e-02 +5.9910e-01 +2.0695e+00 -2.0768e+00 -2.6998e-01 +8.7095e-01 -6.5645e-01 -2.4548e-01 -8.3263e-01 +3.5716e+00
% f evaluations | g evaluations | best noise-free fitness - Fopt (-1.000000000000e+03) + sum g_i+ | measured fitness | best measured fitness or single-digit g-values | x1 | x2...
1 0 +9.893878534e+02 -1.061214655e+01 -1.061214655e+01 +3.9391e+00 +1.3304e+00 -2.9366e+00 -3.9510e+00 +2.1509e-01 -7.1249e-01 -3.7466e+00 -7.3380e-01 -6.7995e-01 -2.5616e-01 +4.6446e-01 +9.9313e-01 +3.2325e+00 -1.3998e+00 -2.1486e+00 -4.8314e+00 +5.2074e-01 +1.1651e+00 -6.0288e-01 -7.4937e-01
3 0 +9.604785757e+02 -3.952142435e+01 -3.952142435e+01 +3.8490e+00 +1.1236e+00 +1.9597e+00 -4.6370e+00 -2.4587e+00 -4.5045e-02 +2.2163e+00 -4.9344e-01 -4.1183e+00 -1.1624e+00 -2.4783e+00 +7.2002e-01 +3.1408e+00 -2.4055e+00 +1.1689e+00 +3.1788e+00 -7.3477e-02 +1.2329e-01 -1.0010e+00 -1.6441e+00
19 0 +9.450815473e+02 -5.491845267e+01 -5.491845267e+01 +3.9388e+00 +1.0895e+00 +2.0615e+00 -4.7162e+00 -2.4239e+00 -2.9320e-02 +2.3023e+00 -4.8524e-01 -4.2884e+00 -1.2749e+00 -2.5440e+00 +6.8980e-01 +3.1350e+00 -2.4666e+00 +1.2226e+00 +3.1797e+00 -1.7775e-02 +2.0041e-01 -1.0246e+00 -1.6849e+00
54 0 +8.459004606e+02 -1.540995394e+02 -1.540995394e+02 +3.2502e+00 +7.6903e-01 -2.6595e+00 -3.4569e+00 +5.5715e-03 -6.7397e-01 -3.8269e+00 -8.6001e-01 -9.1387e-01 -6.2449e-01 +5.9076e-01 +1.1459e+00 +2.7881e+00 -1.5597e+00 -1.5445e+00 -3.9989e+00 +6.6132e-02 +6.4724e-01 -8.9488e-01 -4.0145e-01
105 0 +7.275288284e+02 -2.724711716e+02 -2.724711716e+02 +3.3385e+00 -1.8147e-01 -1.8692e+00 -1.1199e+00 -9.2928e-01 -8.6841e-01 -1.3633e+00 +2.2176e-01 -1.0094e-01 -1.3370e+00 -6.9752e-01 +1.5743e+00 +9.0649e-01 -1.7360e+00 +2.5479e-01 -1.6848e+00 +8.1823e-02 +1.8566e-01 +2.6503e-01 -2.2208e-01
157 0 +6.852938448e+02 -3.147061552e+02 -3.147061552e+02 +2.8964e+00 -9.1938e-03 -1.9418e+00 -7.6695e-01 -1.3159e+00 +1.1884e+00 -3.0514e+00 +3.1292e-01 +8.3187e-01 -1.7058e+00 +1.4358e-02 +1.9265e+00 +1.9395e+00 -1.6375e+00 -2.9613e+00 -2.7123e+00 -3.4835e-01 -7.6635e-01 -2.0783e+00 +9.1621e-01
558 0 +6.718445058e+02 -3.281554942e+02 -3.281554942e+02 +2.0087e+00 +7.3113e-01 -4.0615e-01 -5.1178e-01 +3.4531e-01 -7.8867e-01 -1.6818e+00 -1.0029e-02 -2.8338e-01 -1.4852e+00 +1.0298e+00 +1.3601e+00 +1.7797e+00 -8.7080e-01 -9.6355e-01 -1.7994e+00 +2.8590e-02 +9.9588e-01 -2.0394e+00 +4.0258e-01
656 0 +6.606327712e+02 -3.393672288e+02 -3.393672288e+02 +2.8592e+00 +8.3002e-01 -2.0627e+00 -1.3892e+00 -1.3350e+00 -1.9950e-01 -1.9678e+00 +6.7495e-01 -1.4864e-01 -1.0651e+00 -7.3638e-01 +1.5754e+00 +1.2100e+00 -1.3758e+00 -1.8457e+00 -2.9152e+00 +3.5569e-02 +2.2079e-01 -6.9380e-01 -1.8995e-01
1504 0 +6.283502134e+02 -3.716497866e+02 -3.716497866e+02 +3.0893e+00 +4.4107e-01 -1.3867e+00 -1.3202e+00 -5.9456e-01 -8.5491e-01 -1.6782e+00 -6.7074e-03 -2.2409e-01 -8.9392e-01 -4.4207e-01 +7.5842e-01 +1.4190e+00 -1.2361e+00 -3.3221e-01 -1.9134e+00 +1.9925e-01 +5.2803e-01 +3.1066e-02 -4.8629e-01
% f evaluations | g evaluations | best noise-free fitness - Fopt (-9.247000000000e+01) + sum g_i+ | measured fitness | best measured fitness or single-digit g-values | x1 | x2...
1 0 +9.012850521e+02 +8.088150521e+02 +8.088150521e+02 -3.8515e+00 +7.6244e-01 -6.2720e-01 +1.4686e+00 -3.3208e-01 -3.0452e-01 -2.1641e+00 +3.0612e+00 +1.7281e+00 +4.4409e+00 +9.6051e-01 -1.0515e+00 -2.1522e+00 -2.4862e+00 -2.5582e+00 +2.1726e+00 -2.3909e+00 -1.8708e+00 +1.5433e+00 +3.4481e-01
7 0 +6.613469532e+02 +5.688769532e+02 +5.688769532e+02 +2.8966e+00 -2.8991e+00 -5.8383e-01 -2.0288e+00 -3.8643e-01 -3.3980e-01 +5.3599e-01 +2.1637e+00 +1.0711e+00 +3.0241e+00 -1.2734e+00 -7.0154e-01 -8.9423e-01 -3.0753e+00 -1.1308e+00 -3.1434e+00 +1.0775e+00 +1.6662e+00 -1.0638e+00 -3.6667e+00
102 0 +6.286657577e+02 +5.361957577e+02 +5.361957577e+02 +1.0350e+00 +2.6306e-01 +3.6791e-01 +4.2774e-01 -1.7802e+00 -1.9906e+00 -1.2293e+00 +1.0867e+00 +2.0153e-01 +7.0160e-01 +1.8397e+00 +2.2993e+00 -2.1310e-01 -1.3480e-01 -1.6898e+00 +2.0527e+00 -2.2000e+00 +5.4454e-01 +2.3283e+00 +1.2466e+00
103 0 +5.383459211e+02 +4.458759211e+02 +4.458759211e+02 +1.7642e+00 -8.1590e-01 +1.0914e+00 +2.8454e-01 -2.7108e+00 -1.0098e+00 -9.0280e-01 +2.3448e+00 -3.5289e-01 +3.5000e-01 +2.0133e+00 +2.2730e+00 -5.3221e-01 +4.8121e-01 -1.7285e+00 +2.7891e+00 -3.0554e+00 +1.0498e+00 +2.0521e+00 +2.0177e+00
164 0 +5.252276037e+02 +4.327576037e+02 +4.327576037e+02 +1.4160e+00 -2.4697e-01 +7.9961e-01 +2.4372e-01 -2.2774e+00 -5.7794e-01 -1.0705e+00 +1.7860e+00 -7.5688e-02 +4.7221e-01 +1.9718e+00 +2.3094e+00 -4.0729e-01 +1.7482e-01 -1.7076e+00 +2.4517e+00 -2.6766e+00 +8.3041e-01 +2.2598e+00 +1.7292e+00
360 0 +5.188268737e+02 +4.263568737e+02 +4.263568737e+02 +1.4160e+00 -2.4697e-01 +7.9961e-01 +1.2109e-01 -2.2774e+00 -5.7794e-01 -1.0705e+00 +1.7860e+00 -7.5688e-02 +4.7221e-01 +1.9718e+00 +2.3094e+00 -3.5641e-01 +1.7482e-01 -1.7076e+00 +2.4517e+00 -2.6766e+00 +8.3041e-01 +2.2598e+00 +1.7292e+00
% f evaluations | g evaluations | best noise-free fitness - Fopt (-2.153000000000e+02) + sum g_i+ | measured fitness | best measured fitness or single-digit g-values | x1 | x2...
1 0 +4.435484626e+02 +2.282484626e+02 +2.282484626e+02 -1.4060e+00 +3.9131e+00 -3.1099e-01 -2.5000e+00 +4.2236e+00 -4.8634e+00 -2.2714e+00 -5.8466e-01 +2.8713e+00 -2.6436e+00 -5.1664e-01 +8.4230e-01 -7.6107e-01 +2.3687e+00 -1.9264e+00 +1.7072e+00 -5.4332e-01 +3.6849e+00 -5.9503e-01 -2.9534e-01
152 0 +3.605122894e+02 +1.452122894e+02 +1.452122894e+02 -1.0280e+00 +3.0939e+00 +2.3267e-01 -1.9454e+00 +2.4592e+00 -3.8776e+00 -1.3621e+00 -2.6407e-01 +1.8396e+00 -1.1375e+00 -1.2639e+00 -6.6623e-02 +3.1684e-01 +2.4088e+00 -2.3243e+00 +1.5995e+00 -1.9170e-01 +2.6942e+00 -4.1603e-01 -7.5841e-01
154 0 +3.103852337e+02 +9.508523365e+01 +9.508523365e+01 -1.1660e+00 +2.2143e+00 +1.1119e+00 -1.5424e+00 +1.1290e+00 -3.8107e+00 -1.2340e-01 -3.2023e-02 +1.5965e+00 -9.6311e-01 -1.6286e+00 -4.0077e-01 +8.2838e-01 +1.8813e+00 -2.6083e+00 +1.3253e+00 -7.0146e-01 +2.6844e+00 -9.8990e-02 -3.7224e-01
804 0 +2.940749186e+02 +7.877491862e+01 +7.877491862e+01 -2.1563e+00 +2.7530e+00 +1.1806e+00 -1.2803e+00 +3.5938e+00 -3.1692e+00 -2.1146e+00 +1.8334e-01 +2.5028e+00 -2.0527e+00 -1.6307e+00 +6.3426e-01 +2.9408e-01 +8.7395e-01 -1.1507e+00 +1.4099e-01 -1.1283e+00 +2.7428e+00 -1.5112e+00 +9.1372e-01
855 0 +2.836247026e+02 +6.832470259e+01 +6.832470259e+01 -7.5002e-01 +1.3538e+00 -4.8814e-03 -1.6208e+00 +2.1412e+00 -2.5692e+00 -1.7622e+00 +5.0214e-01 +2.3653e+00 -1.5421e+00 -5.9881e-01 +9.5098e-01 -4.0693e-01 +1.1609e+00 -1.0303e+00 +1.1222e+00 -7.7113e-01 +2.4875e+00 -1.1466e+00 +8.4451e-01
% f evaluations | g evaluations | best noise-free fitness - Fopt (-5.449000000000e+01) + sum g_i+ | measured fitness | best measured fitness or single-digit g-values | x1 | x2...
1 0 +1.376398650e+03 +1.321908650e+03 +1.321908650e+03 +4.2740e+00 +2.6007e+00 +3.3985e+00 -6.6604e-01 +4.8724e+00 -1.7983e+00 -1.6636e+00 +1.7047e+00 -1.9741e+00 -1.2594e+00 +2.8981e+00 -3.3441e+00 -8.1877e-02 -1.9963e-01 -3.8229e+00 -3.1357e+00 +9.2817e-01 -2.8061e+00 -4.1034e-01 -8.1071e-01
2 0 +1.032166346e+03 +9.776763459e+02 +9.776763459e+02 +3.5193e+00 +2.4777e+00 +2.8603e+00 -1.2341e+00 +4.7118e+00 -1.4944e+00 -1.3728e+00 +1.4041e+00 -1.3273e+00 -1.3822e+00 +2.5211e+00 -3.3079e+00 -1.3194e-01 -3.8286e-01 -3.2240e+00 -2.6395e+00 +3.7321e-01 -2.7194e+00 -9.7377e-01 -4.9174e-01
3 0 +5.645666718e+02 +5.100766718e+02 +5.100766718e+02 -6.3807e-01 +1.8000e+00 -1.0431e-01 -4.3637e+00 +3.8268e+00 +1.8017e-01 +2.2923e-01 -2.5189e-01 +2.2361e+00 -2.0587e+00 +4.4449e-01 -3.1088e+00 -4.0774e-01 -1.3923e+00 +7.5489e-02 +9.4144e-02 -2.6841e+00 -2.2423e+00 -4.0777e+00 +1.2655e+00
55 0 +5.289804649e+02 +4.744904649e+02 +4.744904649e+02 +9.6625e-01 +2.0616e+00 +1.0397e+00 -3.1560e+00 +4.1683e+00 -4.6602e-01 -3.8899e-01 +3.8717e-01 +8.6099e-01 -1.7977e+00 +1.2459e+00 -3.1856e+00 -3.0131e-01 -1.0027e+00 -1.1978e+00 -9.6077e-01 -1.5043e+00 -2.4264e+00 -2.8799e+00 +5.8740e-01
56 0 +4.609620460e+02 +4.064720460e+02 +4.064720460e+02 +3.5456e+00 -1.6296e+00 +2.6020e+00 -1.4475e+00 -1.4940e+00 +3.5659e-01 -1.1803e+00 +2.3386e+00 -3.4757e+00 +2.1057e+00 -8.6190e-01 +1.4613e+00 -2.0285e+00 +2.0201e+00 -1.7684e+00 +3.0652e-01 +1.6295e+00 -1.9973e+00 -3.3636e+00 +1.5514e+00
152 0 +4.223856093e+02 +3.678956093e+02 +3.678956093e+02 +2.4746e+00 -1.9632e+00 +2.4425e+00 -9.7731e-01 -1.4446e+00 +8.1977e-01 -8.5979e-01 +2.1721e+00 -2.4756e+00 +1.6740e+00 -1.1166e+00 +2.9376e-01 -2.3078e+00 +7.5950e-01 -7.4270e-01 +5.6262e-01 +1.8799e+00 -1.6315e+00 -2.5961e+00 +4.5677e-01
% f evaluations | g evaluations | best noise-free fitness - Fopt (5.049000000000e+01) + sum g_i+ | measured fitness | best measured fitness or single-digit g-values | x1 | x2...
1 0 +3.151669933e+03 +3.202159933e+03 +3.202159933e+03 +4.9534e+00 +1.0634e+00 -9.5013e-01 +1.2943e+00 +3.9490e+00 +2.7385e+00 +1.9336e+00 +2.1390e-01 +4.7053e+00 +4.3956e-01 +4.1507e-01 -4.0455e+00 +9.5872e-01 -2.9861e-01 +6.4240e-02 +1.6552e+00 +1.3309e+00 -2.3889e+00 -1.2159e+00 +2.6670e+00
2 0 +2.334436414e+03 +2.384926414e+03 +2.384926414e+03 -2.7134e-01 -2.1050e+00 -5.4892e-01 +3.6196e-01 +3.7021e+00 -2.6898e+00 +9.0376e-01 +4.1398e-02 -4.8986e-01 +1.0945e+00 -4.1280e-01 -3.4864e+00 -4.0650e+00 -1.3565e+00 -2.4913e+00 +3.2400e+00 +1.2684e+00 -4.3821e+00 -2.1342e+00 -2.2221e+00
4 0 +2.068366515e+03 +2.118856515e+03 +2.118856515e+03 +4.5581e-01 +2.1296e+00 +8.0109e-01 -1.2973e+00 -1.1381e+00 +6.7841e-01 -3.5471e-01 +1.8364e+00 -4.9314e+00 +9.8970e-01 +2.8186e-01 +6.8315e-01 -1.2020e-01 +2.2975e+00 +6.4063e-01 -2.1664e+00 +1.9843e+00 -3.7190e+00 +7.0274e-02 +1.1192e+00
5 0 +1.577350718e+03 +1.627840718e+03 +1.627840718e+03 +8.5336e-01 +2.4796e+00 +5.2391e-01 -9.1723e-01 -1.1682e+00 +2.5105e-01 -1.1730e-01 +1.8049e+00 -4.9206e+00 +1.3961e+00 +1.8993e-02 +1.1525e+00 +4.8545e-01 +2.2827e+00 +4.9592e-01 -1.8867e+00 +1.8966e+00 -3.7019e+00 -4.1471e-01 +1.4451e+00
22 0 +1.538455432e+03 +1.588945432e+03 +1.588945432e+03 +3.5506e+00 -6.5231e-01 -1.0582e+00 +3.2939e+00 +4.3469e-01 -4.4998e+00 +4.4620e+00 +8.1335e-01 +2.6992e+00 -2.0832e+00 +4.4159e-01 -1.5508e-01 -2.6372e+00 -3.1382e+00 -2.9207e+00 -3.3535e-01 -1.9014e+00 -8.4900e-02 +4.2907e+00 +9.8117e-01
29 0 +1.282375234e+03 +1.332865234e+03 +1.332865234e+03 +3.4467e+00 -3.8842e+00 +3.0642e+00 -2.0970e+00 +4.3460e+00 -4.4086e+00 +9.2058e-01 -7.0995e-01 -3.1921e+00 +2.4270e+00 -3.2973e+00 +2.6694e+00 -2.0035e+00 -1.6098e+00 -1.1217e+00 +1.8147e-01 +4.8591e+00 -3.9359e+00 +1.7570e+00 -7.2299e-01
% f evaluations | g evaluations | best noise-free fitness - Fopt (-3.641300000000e+02) + sum g_i+ | measured fitness | best measured fitness or single-digit g-values | x1 | x2...
1 0 +1.346219300e+03 +9.820892996e+02 +9.820892996e+02 -3.4991e+00 +2.5107e+00 +4.3199e+00 -1.8278e+00 -3.6185e+00 -3.2762e-01 -1.0865e+00 +1.6547e+00 -2.9125e+00 -4.6950e+00 +3.6956e+00 -5.4120e-01 -1.0946e-01 -2.3675e+00 -4.0919e-01 +3.4423e+00 +5.8647e-01 -1.3318e+00 +4.7670e-01 +1.2474e-01
2 0 +9.088046652e+02 +5.446746652e+02 +5.446746652e+02 -5.5221e-01 -1.2622e+00 +1.2907e+00 +9.5739e-01 -8.4534e-01 -2.3758e+00 -1.5661e-01 +1.1067e+00 -1.8502e+00 -2.0680e+00 +7.5147e-01 +9.6544e-01 -2.1653e+00 +1.8355e-01 +8.6178e-01 +3.7344e+00 -7.8313e-01 -2.6155e+00 +9.6008e-01 -1.3140e+00
3 0 +8.846479393e+02 +5.205179393e+02 +5.205179393e+02 -6.7333e-01 -1.1071e+00 +1.4152e+00 +8.4292e-01 -9.5932e-01 -2.2916e+00 -1.9483e-01 +1.1292e+00 -1.8939e+00 -2.1760e+00 +8.7247e-01 +9.0352e-01 -2.0808e+00 +7.8698e-02 +8.0954e-01 +3.7224e+00 -7.2684e-01 -2.5628e+00 +9.4021e-01 -1.2549e+00
38 0 +5.950609119e+02 +2.309309119e+02 +2.309309119e+02 -3.8723e+00 -4.2795e+00 -2.0662e+00 +3.1279e+00 +1.6639e+00 -4.5322e+00 +4.1898e+00 +1.4285e+00 -4.3722e+00 -4.9807e+00 +3.5865e+00 +4.9570e+00 +1.1433e+00 +3.0669e+00 -6.4868e-01 +3.3359e+00 -2.0528e+00 +4.1339e+00 +3.4704e+00 +2.4107e+00
% f evaluations | g evaluations | best noise-free fitness - Fopt (1.592700000000e+02) + sum g_i+ | measured fitness | best measured fitness or single-digit g-values | x1 | x2...
1 0 +1.543270450e+03 +1.702540450e+03 +1.702540450e+03 -2.2719e+00 -3.6127e+00 +2.8452e+00 +1.1104e+00 -1.7191e-01 +7.2255e-02 +6.8791e-01 +1.7665e+00 -3.1398e+00 +1.8717e+00 -1.4847e+00 +4.0557e+00 +1.5290e+00 +1.7120e+00 +1.1274e+00 +7.1965e-01 -8.8484e-01 +1.5368e+00 -1.8625e+00 +5.0525e-01
3 0 +1.432276023e+03 +1.591546023e+03 +1.591546023e+03 -1.3075e+00 -8.1658e-01 -2.8993e+00 -4.0209e+00 -5.8148e-01 +2.4715e+00 -2.6716e+00 +2.4914e+00 -1.7257e+00 -2.5927e+00 -1.3309e+00 -1.0962e+00 -4.0099e+00 -3.2871e+00 -2.6896e+00 +3.0811e+00 -1.8842e-01 +2.2230e-01 +3.4316e+00 -1.4375e+00
4 0 +9.509110473e+02 +1.110181047e+03 +1.110181047e+03 -1.0856e+00 +3.1172e+00 +2.4414e+00 +3.4430e+00 +7.9927e-01 -3.4352e+00 +6.4016e-01 -1.2260e+00 -1.2825e-01 -1.1826e+00 +1.5547e+00 -3.3658e+00 -1.8929e-02 +2.7522e+00 -4.2702e+00 +2.1159e+00 +1.4917e+00 -2.0278e+00 -1.1292e+00 +2.4985e-02
9 0 +9.210100653e+02 +1.080280065e+03 +1.080280065e+03 +6.0408e-01 +3.2957e+00 -4.6575e-02 -1.4038e+00 -1.7687e+00 +1.4102e+00 +1.4017e+00 +2.1024e+00 -1.5514e-01 -3.7228e+00 -1.4528e+00 +3.3720e+00 -6.0764e-01 -7.9118e-01 +1.2390e-01 +1.4130e+00 -1.6189e+00 -1.6379e+00 -3.2029e+00 -4.4483e-01
14 0 +6.647663090e+02 +8.240363090e+02 +8.240363090e+02 -3.2716e+00 -4.9210e+00 +1.6691e+00 +2.0694e+00 -1.9601e+00 +2.5213e-01 -9.5693e-01 -1.4898e+00 +3.2671e+00 +2.1702e+00 -1.4617e-01 +3.5815e-01 -3.9485e+00 +1.4511e+00 +3.7159e+00 +3.3408e-01 -1.8154e+00 -1.6650e+00 -4.8801e+00 -4.2185e+00
