% f evaluations | g evaluations | best noise-free fitness - Fopt (-5.494000000000e+01) + sum g_i+ | measured fitness | best measured fitness or single-digit g-values | x1 | x2...
1 0 +5.918438881e+06 +5.918383941e+06 +5.918383941e+06 -2.5529e+00 +7.1085e-01 -3.2510e+00 +3.2477e-02 +1.7777e+00 +3.1135e+00 -1.7737e+00 +3.1574e-01 +4.8654e+00 +1.6604e+00 -3.3972e+00 -1.9941e+00 +1.4868e+00 -1.3213e+00 +1.0091e+00 -7.4615e-01 +2.2586e+00 -1.3756e+00 -4.9169e-01 +5.9365e-02
2 0 +3.744833462e+06 +3.744778522e+06 +3.744778522e+06 +1.9573e+00 +2.2119e+00 -1.1638e+00 -2.3334e+00 +3.9406e+00 +3.2694e+00 +9.8288e-01 -1.4610e+00 -2.8841e+00 +6.8178e-02 +3.3890e-02 -1.0956e+00 +1.8960e+00 -1.1769e+00 +6.1534e-03 -1.0721e+00 +1.2756e+00 -2.8998e+00 -1.3143e+00 +3.2036e-01
23 0 +3.386986963e+06 +3.386932023e+06 +3.386932023e+06 -3.7965e+00 -3.8616e+00 -4.1155e-01 -6.8957e-01 +3.5702e+00 +9.8561e-01 +2.1891e+00 +3.2391e+00 +4.7453e+00 +1.5105e+00 +1.3145e+00 +4.1109e+00 +4.6400e+00 -4.6091e+00 -4.1104e+00 +2.5139e+00 -7.2828e-01 +3.9220e+00 -1.5046e+00 +2.9286e+00
155 0 +2.923780197e+06 +2.923725257e+06 +2.923725257e+06 -1.8691e+00 -6.4426e-01 -5.2090e-01 +2.2229e+00 +6.1335e-01 +2.8149e+00 -3.3283e+00 +1.8589e+00 +5.6168e-01 +2.4378e+00 -7.5742e-01 -1.7008e-01 -5.4815e-01 -1.7425e+00 -2.3061e+00 +1.7269e+00 -7.5220e-01 -3.1816e-02 -2.4254e+00 -7.0974e-01
504 0 +2.223627603e+06 +2.223572663e+06 +2.223572663e+06 -4.5213e-01 -1.0627e+00 -1.0595e+00 -3.7382e-01 +2.7677e+00 +1.9155e+00 -1.3367e+00 -1.7943e+00 +1.0238e+00 +3.9439e-01 -2.2419e+00 -4.2576e-01 +1.4533e-01 +1.8652e-01 -2.1113e+00 +1.8113e+00 -2.2601e+00 +2.7394e+00 +7.1765e-01 -7.3748e-01
1712 0 +1.198882257e+06 +1.198827317e+06 +1.198827317e+06 -2.1075e+00 +3.7573e-01 -3.4852e+00 -9.3359e-01 +2.3459e+00 +2.8141e+00 -2.0024e+00 -2.7683e-01 +1.1864e+00 +1.2479e+00 -3.4468e+00 -1.0300e+00 +1.7404e+00 -8.9803e-01 -4.2958e-01 +7.8311e-01 +5.6540e-01 +4.3589e-01 +1.8906e-01 -5.9069e-02
% f evaluations | g evaluations | best noise-free fitness - Fopt (5.913000000000e+01) + sum g_i+ | measured fitness | best measured fitness or single-digit g-values | x1 | x2...
1 0 +1.513364809e+07 +1.513370722e+07 +1.513370722e+07 +1.1029e+00 +2.7396e+00 -4.4672e+00 +6.0017e-01 -1.6286e+00 +3.7002e+00 +4.9142e-01 -2.4680e+00 +2.8831e+00 -8.8639e-01 -2.5824e+00 +1.2276e+00 -2.2989e+00 -1.5207e+00 -2.1207e+00 +2.8126e-01 +3.2459e+00 -2.5260e+00 +1.0410e-01 +8.6104e-01
2 0 +4.557719631e+06 +4.557778761e+06 +4.557778761e+06 -3.7678e-01 -3.0789e+00 -1.4044e-01 +1.5741e+00 -2.3831e+00 +2.1120e+00 +1.6841e+00 +2.7486e+00 +3.8488e+00 -2.3995e-01 +1.5311e+00 +5.7741e-01 -2.6613e+00 +2.3098e+00 +1.4671e+00 +2.7058e+00 +2.3181e+00 +4.0640e-01 +2.6753e+00 +7.3332e-01
4 0 +2.996813320e+06 +2.996872450e+06 +2.996872450e+06 -2.6177e+00 -1.0752e+00 -1.1367e+00 -1.9401e+00 -1.8251e+00 +6.8536e-01 -2.1573e+00 -1.7227e+00 -1.6762e+00 -2.1481e+00 +6.7978e-01 -9.1948e-01 +1.0519e+00 -2.8823e+00 -7.6447e-01 -1.8228e+00 +2.6081e+00 -5.6645e-01 +2.4756e+00 +3.4186e+00
5 0 +2.804705638e+06 +2.804764768e+06 +2.804764768e+06 -3.0992e+00 -1.3040e+00 -2.1252e+00 -1.9708e+00 -3.3157e-01 -3.0369e-01 -9.2333e-01 -1.4715e+00 -1.7852e+00 -2.3448e+00 +6.7756e-01 -1.4951e+00 +6.6417e-01 -1.7976e+00 -1.3712e+00 -2.2157e+00 +2.4237e+00 +5.6843e-02 +2.5374e+00 +3.0492e+00
8 0 +2.561222725e+06 +2.561281855e+06 +2.561281855e+06 -3.1670e+00 -3.1631e+00 -1.4514e+00 +1.4372e+00 -1.5244e+00 +3.8628e+00 +1.4082e+00 +5.9630e-01 +2.9885e+00 +4.1835e-01 +1.8237e+00 +1.3508e+00 -2.2189e+00 +3.9611e+00 +5.3283e-01 +3.6854e+00 +2.6710e+00 +8.5943e-01 +1.4979e+00 +9.5757e-01
56 0 +1.962413065e+06 +1.962472195e+06 +1.962472195e+06 -3.0092e+00 -2.5632e+00 -1.3610e+00 +4.6678e-01 -1.6108e+00 +2.9498e+00 +3.8368e-01 -7.0040e-02 +1.6482e+00 -3.1909e-01 +1.4950e+00 +6.9845e-01 -1.2791e+00 +1.9947e+00 +1.6007e-01 +2.1027e+00 +2.6529e+00 +4.4973e-01 +1.7788e+00 +1.6647e+00
% f evaluations | g evaluations | best noise-free fitness - Fopt (-4.915300000000e+02) + sum g_i+ | measured fitness | best measured fitness or single-digit g-values | x1 | x2...
1 0 +4.146934288e+06 +4.146442758e+06 +4.146442758e+06 -2.4325e+00 -4.6709e+00 +8.4631e-01 -3.0324e+00 -1.2821e+00 -3.3995e+00 -4.0150e+00 -7.0058e-01 -2.5643e+00 -6.8693e-01 -5.4537e-01 +4.0812e-01 -4.7715e-02 +4.4170e+00 -1.0321e+00 -2.0375e+00 -1.1545e-01 +2.1266e+00 -5.1281e-01 +1.9440e+00
2 0 +3.811164291e+06 +3.810672761e+06 +3.810672761e+06 -1.8648e+00 +3.5330e-01 -1.8420e-01 -1.4093e+00 +6.7537e-01 +4.0005e+00 +2.6015e+00 -1.4412e+00 +6.3073e-01 -5.2899e-01 +2.2816e+00 -1.0020e+00 +9.7482e-01 -3.6314e+00 +1.4073e-01 +1.5855e+00 +3.5686e+00 -9.9419e-02 -3.2208e+00 -1.3791e+00
4 0 +2.885449894e+06 +2.884958364e+06 +2.884958364e+06 +1.8821e+00 -3.8780e+00 -1.7306e-01 +1.2421e+00 +3.1098e+00 -4.5041e+00 +8.4421e-01 +1.4524e+00 +2.7747e+00 +3.2959e+00 -2.8981e-01 +1.6697e+00 -8.2221e-01 -1.8392e+00 -1.4712e+00 +2.6377e+00 +7.2933e-01 +1.0654e+00 -3.0963e+00 -6.2951e-05
33 0 +1.845573202e+06 +1.845081672e+06 +1.845081672e+06 +1.9187e+00 -4.3903e+00 +9.2602e-02 +1.3482e+00 +2.7353e+00 -4.4681e+00 +1.3076e+00 +1.6098e+00 +3.1299e+00 +3.8521e+00 +1.1771e-01 +2.2157e+00 -3.6018e-01 -1.4347e+00 -2.4244e+00 +2.6544e+00 +3.5460e-01 +2.0803e+00 -3.3269e+00 +2.8012e-01
55 0 +1.591691595e+06 +1.591200065e+06 +1.591200065e+06 +2.2647e+00 -9.1096e-01 +1.7352e-01 +2.4192e-01 +1.3759e+00 -3.3486e+00 +1.9521e+00 -3.0810e-01 +6.7579e-01 +2.2192e+00 +1.1400e+00 +1.0315e+00 -6.4351e-01 -3.4961e-01 -1.9571e+00 +1.5910e+00 +4.8747e-01 +4.5019e-01 -9.6277e-01 +6.2292e-01
102 0 +1.243344509e+06 +1.242852979e+06 +1.242852979e+06 +1.2184e+00 -2.9759e-01 -2.8418e-01 -6.8200e-01 +4.8514e-01 -2.5578e+00 +2.8313e+00 +1.7272e-01 +5.6727e-01 +1.4198e+00 +1.3711e+00 +5.1400e-01 -1.0767e+00 -2.7341e-01 -2.2615e-01 +3.0923e-02 +6.9511e-01 +4.2088e-01 +4.7586e-02 -2.0884e-01
152 0 +8.838907739e+05 +8.833992439e+05 +8.833992439e+05 +7.0878e-01 -5.8087e-01 -2.1712e-01 -1.1158e+00 +7.8705e-01 -1.2820e+00 +3.0482e+00 +1.2891e-01 +8.3026e-02 +1.1636e+00 +1.0426e+00 +7.3133e-01 -7.5492e-01 -4.4016e-01 +4.5261e-01 -2.1423e-01 +6.3843e-01 +7.2537e-01 -6.8733e-01 -3.5351e-01
607 0 +6.238422513e+05 +6.233507213e+05 +6.233507213e+05 -2.1967e-01 +1.1341e+00 +1.5615e-01 +9.7339e-01 -3.0992e-02 -7.8311e-01 +2.4895e+00 -9.6532e-01 -1.1400e+00 -8.4080e-01 +1.4654e+00 +6.9525e-01 -1.4926e+00 +1.0234e+00 +3.8353e-01 -1.0545e+00 +1.4264e+00 -1.0039e+00 +2.0669e+00 +6.2902e-01
914 0 +6.004490437e+05 +5.999575137e+05 +5.999575137e+05 -1.0986e+00 -1.3276e-01 +4.7347e-01 -5.6497e-02 +1.2742e-01 -7.3681e-01 +1.2680e+00 -8.7893e-01 -8.8510e-01 -5.3241e-01 +1.0086e+00 +1.1626e+00 -6.7909e-02 +1.7484e+00 -9.0531e-01 -1.4827e+00 +3.9751e-01 -3.6861e-01 +9.7438e-01 +1.2728e-01
% f evaluations | g evaluations | best noise-free fitness - Fopt (-1.702000000000e+02) + sum g_i+ | measured fitness | best measured fitness or single-digit g-values | x1 | x2...
1 0 +2.927056009e+07 +2.927038989e+07 +2.927038989e+07 +3.0435e+00 -2.6436e+00 +2.3309e+00 +1.9551e+00 -1.8882e+00 -3.8201e+00 -1.1077e+00 -3.6083e-01 -3.4803e+00 +1.0389e+00 +4.9782e+00 +3.7505e+00 +6.7219e-01 +1.4833e-02 +1.5756e-01 -2.0412e+00 -1.0056e-01 -5.5447e-01 +2.9376e-01 +2.5115e+00
2 0 +2.152992271e+07 +2.152975251e+07 +2.152975251e+07 +2.7969e-02 +2.2645e-02 +1.7749e+00 -1.9152e+00 -2.1424e+00 +3.8594e-01 +3.9170e-01 -3.9984e+00 +3.6413e-01 +1.7274e+00 +1.1169e+00 +1.7959e+00 -1.3958e+00 -1.0936e+00 +3.5371e-01 +6.3401e-01 +1.3404e+00 -3.4910e+00 +1.7178e+00 +2.5802e+00
3 0 +9.237901373e+06 +9.237731173e+06 +9.237731173e+06 -4.1545e-01 +3.2792e-01 +6.6306e-02 -1.1239e+00 +3.9546e-01 -1.1313e+00 +1.0651e+00 -3.9069e+00 +1.1134e+00 +9.2855e-01 +2.0241e+00 +2.4597e+00 -3.4370e+00 +5.8494e-02 +1.3725e+00 -6.9677e-01 +2.8389e+00 -2.1239e+00 -9.7159e-01 +3.8558e+00
15 0 +6.029931430e+06 +6.029761230e+06 +6.029761230e+06 +3.0654e+00 -4.9259e+00 -2.4701e-01 -4.9873e-01 +3.3925e+00 -4.4189e+00 +1.1230e+00 -1.4240e+00 +7.6868e-01 +1.1098e+00 +8.4737e-01 +1.4334e+00 +2.9805e+00 +2.9098e+00 +2.2460e+00 -2.5709e+00 -4.8630e+00 +2.8993e+00 -3.4911e+00 -9.0974e-01
17 0 +3.231434094e+06 +3.231263894e+06 +3.231263894e+06 -3.5357e+00 +2.4246e+00 -3.8851e+00 +2.6415e+00 +4.9270e+00 -4.0921e+00 +3.4117e+00 +2.7570e+00 -3.4266e+00 -3.5801e+00 -2.2580e+00 -2.5803e+00 +3.3410e+00 -2.0237e+00 +3.5195e+00 -4.8142e+00 -5.8588e-01 +4.8773e+00 -3.1215e+00 +3.5478e+00
% f evaluations | g evaluations | best noise-free fitness - Fopt (-4.697500000000e+02) + sum g_i+ | measured fitness | best measured fitness or single-digit g-values | x1 | x2...
1 0 +2.525306451e+07 +2.525259476e+07 +2.525259476e+07 +1.1527e-02 +2.8307e-01 +2.8775e+00 +1.1808e+00 -2.9924e+00 +1.7499e+00 +1.5116e+00 -1.8192e+00 -4.0131e+00 -3.1675e+00 +2.3158e+00 +1.1597e+00 -3.9309e+00 +2.1660e+00 -1.1443e+00 -1.4175e+00 +2.5597e-02 -1.8807e+00 +6.8586e-01 +1.9386e-02
3 0 +2.207661888e+07 +2.207614913e+07 +2.207614913e+07 +3.1171e+00 -1.0250e+00 +2.3226e+00 +2.6131e+00 -1.9371e+00 +3.5391e+00 -2.2106e+00 +1.5501e-02 +1.8233e+00 -3.7580e+00 -1.6855e-01 -4.1281e+00 -4.7343e-01 +4.3002e+00 +9.4769e-01 -4.0722e-01 -1.2275e+00 +2.5236e+00 +1.4419e+00 +4.2825e-01
5 0 +1.717493555e+07 +1.717446580e+07 +1.717446580e+07 +3.6736e+00 -3.6637e+00 -3.7746e+00 +1.0881e+00 -2.7921e+00 -3.0270e+00 +3.4754e+00 +3.4161e+00 +2.3784e-01 -4.1820e-01 -2.9568e+00 -1.4286e+00 +1.7026e+00 -9.6814e-01 -3.3874e-01 -6.5806e-01 -1.7144e+00 -3.8220e-03 -3.3302e+00 +2.7735e+00
6 0 +1.227045186e+07 +1.226998211e+07 +1.226998211e+07 +3.2208e+00 +2.4377e+00 +3.5860e+00 +2.2702e+00 -1.4090e+00 -1.6931e+00 -1.8225e+00 +3.9062e-01 -1.2776e+00 +1.6334e+00 +1.2823e+00 +2.9180e+00 +6.5514e-01 -1.4988e+00 +2.3134e+00 +9.0845e-01 +2.1009e+00 +1.4273e+00 +2.2119e+00 -1.8410e+00
8 0 +1.183568258e+07 +1.183521283e+07 +1.183521283e+07 +2.3573e+00 -3.3234e+00 +1.9238e+00 -5.4939e-02 -3.5260e+00 +3.4220e-01 -2.2014e+00 +1.5594e+00 -4.1901e+00 +2.6296e+00 +8.5262e-01 -2.0373e+00 -2.1692e+00 +5.4168e-01 +2.0832e+00 +3.1547e+00 -8.9397e-01 +3.6607e+00 -1.8704e-01 +3.3219e+00
14 0 +3.568677790e+06 +3.568208040e+06 +3.568208040e+06 +5.2491e-01 -4.0844e+00 -1.8766e+00 -1.8177e+00 -1.2689e+00 +2.6917e+00 -3.0538e+00 +1.6359e+00 +2.8292e+00 +3.0981e+00 +1.0797e+00 -4.9496e+00 +4.1848e+00 +4.9836e-02 +6.1200e-01 +4.6578e+00 +8.1078e-01 -2.2444e+00 -2.5439e+00 +3.9300e+00
33 0 +3.285210393e+06 +3.284740643e+06 +3.284740643e+06 +1.9426e+00 -1.9403e+00 +1.1487e+00 -5.2212e-01 -1.2114e+00 -1.1327e+00 +2.2777e+00 +5.2628e-01 -1.9961e+00 -1.6491e+00 -3.3276e+00 +2.8118e+00 +4.2600e+00 -3.0424e+00 +4.8445e-01 +1.9557e+00 -3.2161e+00 -4.1323e+00 -2.4097e+00 -6.0990e-01
% f evaluations | g evaluations | best noise-free fitness - Fopt (-5.191000000000e+01) + sum g_i+ | measured fitness | best measured fitness or single-digit g-values | x1 | x2...
1 0 +1.524779776e+07 +1.524774585e+07 +1.524774585e+07 +2.5140e+00 +6.7312e-01 -1.6568e+00 +4.6349e+00 -4.3885e-01 +2.9611e-01 -1.0528e+00 -3.2553e-02 +3.0394e-01 +1.8275e-01 +4.5087e+00 -1.6183e-02 +2.0428e+00 -1.1919e+00 -2.5245e+00 -4.0431e-01 +2.6614e+00 +2.3996e+00 -5.8896e-01 -8.1803e-01
5 0 +8.907052902e+06 +8.907000992e+06 +8.907000992e+06 -2.7732e+00 -1.0892e+00 +6.7799e-01 +5.6361e-01 -5.1000e-01 +1.7142e+00 +1.1174e+00 -1.6336e+00 -1.7811e+00 -1.6894e-02 +4.6294e-01 +5.3188e-01 -1.2594e+00 -1.0023e-01 +1.8355e-01 +2.2734e+00 +4.2779e-02 +6.5796e-02 +2.9847e+00 +4.6285e-02
7 0 +5.091659360e+06 +5.091607450e+06 +5.091607450e+06 -1.2706e+00 -5.9223e-02 +1.5471e+00 +8.5382e-01 +1.6419e+00 +4.3330e+00 +4.1838e+00 -1.8607e+00 -7.8167e-01 +1.6350e+00 +1.0113e+00 +9.7249e-01 -3.4636e+00 -6.9236e-01 +3.3755e-01 +1.8105e+00 +1.2194e-01 -1.3817e+00 +3.0622e+00 +1.3654e+00
11 0 +1.979874610e+06 +1.979822700e+06 +1.979822700e+06 +6.7527e-01 -2.2481e+00 +1.0359e+00 +1.2324e+00 +9.8254e-01 -3.8407e+00 +2.6239e+00 +9.8280e-01 -9.9864e-01 +2.5948e+00 -5.3940e-01 -2.7015e+00 -2.3754e+00 -4.5354e+00 -8.1257e-01 +1.1336e+00 +4.4739e+00 -1.0096e+00 +1.2559e+00 +1.7895e-01
% f evaluations | g evaluations | best noise-free fitness - Fopt (4.808000000000e+01) + sum g_i+ | measured fitness | best measured fitness or single-digit g-values | x1 | x2...
1 0 +1.705284567e+07 +1.705289375e+07 +1.705289375e+07 -8.5627e-01 -1.3901e+00 -3.0735e+00 +4.0329e+00 -1.1294e+00 +1.7180e+00 -3.5006e+00 -2.3219e+00 +1.0183e+00 -2.3086e+00 +3.3918e-02 +2.2000e+00 +2.9587e+00 -3.4518e+00 -4.2741e-01 +3.5113e+00 -1.6484e+00 +2.1936e-01 -6.5527e-01 -1.3952e+00
3 0 +1.673397174e+07 +1.673401982e+07 +1.673401982e+07 -1.2803e+00 -1.2517e+00 -2.5081e+00 +3.0963e+00 -8.4895e-01 +1.4225e+00 -3.2127e+00 -2.0708e+00 +3.1090e-01 -2.0550e+00 -7.5109e-01 +2.1881e+00 +3.0340e+00 -3.0069e+00 +4.7537e-01 +2.6536e+00 -2.1564e+00 +1.0337e+00 -5.3646e-01 -1.8775e+00
4 0 +1.099669660e+07 +1.099674468e+07 +1.099674468e+07 -3.9276e-01 -1.5194e+00 -1.9119e+00 -1.4762e+00 -2.8240e+00 -1.5845e-01 -4.9047e-01 -3.2003e+00 +2.5206e+00 +8.0815e-01 +1.7823e+00 -9.3205e-01 -1.3172e+00 -1.9170e+00 +1.8033e+00 +1.9304e+00 +6.8117e-01 -1.0713e+00 +1.0985e+00 +2.2159e+00
5 0 +1.034952214e+07 +1.034957022e+07 +1.034957022e+07 -1.5003e+00 -2.2029e+00 -1.2047e+00 -1.3742e+00 -2.5644e+00 -2.9069e-01 +6.0843e-01 -3.3272e+00 +2.0930e+00 +6.7228e-01 +2.4514e+00 +7.2298e-02 -1.5130e+00 -2.1891e+00 +1.0324e+00 +2.0663e+00 +4.4479e-01 -1.9552e+00 +1.0888e+00 +1.7953e+00
8 0 +6.890283454e+06 +6.890331534e+06 +6.890331534e+06 +2.9094e+00 -4.6581e+00 -2.2886e+00 -1.7760e+00 +6.0775e-01 +4.0515e+00 -1.7297e+00 -2.2111e+00 +6.8286e-01 +3.3624e+00 +7.5190e-01 -8.0641e-01 +4.0205e-01 -3.3651e-01 +9.2722e-01 +1.8828e+00 -1.3564e+00 -4.6835e+00 +2.8724e-01 -9.7030e-01
9 0 +5.825808914e+06 +5.825856994e+06 +5.825856994e+06 -5.4398e-01 -1.6402e+00 +6.5314e-02 -4.4495e+00 +1.8872e+00 +2.9852e+00 +4.2574e+00 -2.5493e+00 +6.8585e-01 -1.2025e+00 +8.5370e-01 +1.0253e+00 +2.6772e+00 +3.7008e+00 -1.2481e+00 +2.5653e+00 +2.7652e+00 -2.0932e+00 -1.9618e+00 -2.8261e+00
35 0 +5.368270903e+06 +5.368318983e+06 +5.368318983e+06 +8.0957e-01 -3.9039e-01 -1.6626e+00 -1.0498e+00 +3.6174e+00 -2.9279e+00 -3.5854e+00 +6.7643e-01 +8.5521e-01 -3.8980e+00 -1.5419e+00 +1.4492e+00 -4.0639e+00 -1.8917e+00 +4.8054e+00 +8.5085e-01 -3.8157e+00 +2.6408e+00 -2.4147e+00 -2.2920e+00
41 0 +3.945399967e+06 +3.945448047e+06 +3.945448047e+06 +1.3220e+00 +2.4721e+00 -4.4202e+00 +4.0067e+00 +1.0957e+00 -3.3395e+00 +1.9023e-01 +3.6669e+00 +2.4698e+00 -3.3204e+00 +3.3991e+00 +2.1132e+00 +3.2643e+00 -9.3041e-01 +2.4811e+00 -2.8681e-01 -4.5287e+00 -3.4884e+00 +4.7273e+00 +1.8087e+00
47 0 +2.712173221e+06 +2.712221301e+06 +2.712221301e+06 +7.5781e-01 +2.8691e+00 +4.8336e-01 -2.5252e+00 +4.3483e+00 -3.9831e-01 -4.6605e+00 +2.3144e+00 +1.2491e+00 -1.2903e+00 +2.5164e+00 -2.2975e+00 -3.6287e+00 -1.2298e+00 +4.6982e+00 +3.4230e+00 -2.6384e+00 +1.3486e+00 -2.1303e+00 -3.6700e+00
56 0 +2.377470679e+06 +2.377518759e+06 +2.377518759e+06 +7.6515e-01 -2.2695e+00 -1.0753e+00 -4.5417e-01 -1.8212e+00 +6.7562e-01 -1.2560e-01 -9.2906e-01 +2.7908e+00 +4.4432e-01 +1.1398e+00 -2.8345e-01 +4.6796e-01 -8.8825e-01 +7.9470e-01 +1.8368e+00 +1.0490e+00 +6.4991e-01 +8.9336e-02 +1.5751e+00
57 0 +1.636831964e+06 +1.636880044e+06 +1.636880044e+06 +2.0444e+00 -3.0982e+00 -1.5103e-01 +6.7499e-01 -7.1324e-01 +1.5971e+00 +2.7749e-01 +1.5801e+00 +3.0893e+00 +4.2375e-02 +4.2991e-01 +4.3310e-01 +2.4402e+00 +2.4831e-01 -3.1961e-01 +1.7335e+00 +1.4554e+00 +2.5515e+00 -1.0255e+00 +8.6715e-01
103 0 +1.432916362e+06 +1.432964442e+06 +1.432964442e+06 +1.9458e+00 -3.0343e+00 -2.2229e-01 +5.8792e-01 -7.9867e-01 +1.5260e+00 +2.4641e-01 +1.3866e+00 +3.0663e+00 +7.3367e-02 +4.8465e-01 +3.7785e-01 +2.2881e+00 +1.6067e-01 -2.3369e-01 +1.7415e+00 +1.4240e+00 +2.4048e+00 -9.3956e-01 +9.2173e-01
154 0 +1.196899457e+06 +1.196947537e+06 +1.196947537e+06 +8.9031e-01 +2.6267e+00 +3.7833e-01 -2.1537e+00 +3.0966e+00 +3.0887e-01 -3.5848e+00 +1.3901e+00 +1.4985e+00 -1.4356e+00 +1.5231e+00 -2.0944e+00 -3.3834e+00 -1.0917e+00 +3.3620e+00 +3.3003e+00 -2.7416e+00 +1.4511e+00 -2.2548e+00 -3.3512e+00
211 0 +1.070552563e+06 +1.070600643e+06 +1.070600643e+06 +1.9458e+00 -3.0343e+00 -2.2229e-01 +5.8792e-01 -7.9867e-01 +1.5260e+00 +2.4641e-01 +1.3866e+00 +3.0663e+00 +7.3367e-02 +4.8465e-01 +3.7785e-01 +2.2881e+00 +1.6067e-01 -2.3369e-01 +8.9119e-01 +1.4240e+00 +2.4048e+00 -9.3956e-01 +9.2173e-01
% f evaluations | g evaluations | best noise-free fitness - Fopt (3.058000000000e+01) + sum g_i+ | measured fitness | best measured fitness or single-digit g-values | x1 | x2...
1 0 +3.574684173e+07 +3.574687231e+07 +3.574687231e+07 -4.9483e+00 -1.0672e+00 -1.4978e+00 -1.8912e+00 -4.0489e+00 -1.5280e+00 -3.7546e+00 -4.1804e+00 -1.9729e+00 +3.0683e+00 +2.3777e+00 +1.4526e+00 +1.1617e+00 -1.0448e+00 -2.0917e+00 +1.5672e+00 -2.0051e-01 +7.6201e-01 +8.3259e-01 -1.1933e-01
2 0 +1.943291309e+07 +1.943294367e+07 +1.943294367e+07 +2.9351e+00 -1.0385e+00 -2.2138e+00 +1.1957e+00 -8.9204e-01 +8.7875e-01 +6.4756e-01 +1.4342e+00 +6.4649e-02 -1.4190e+00 +2.0438e+00 -1.2643e+00 -3.2109e+00 -2.0096e+00 -1.5504e+00 -2.4324e+00 -1.8578e+00 +1.2207e-01 +5.7108e-01 +1.6457e-02
31 0 +9.826037857e+06 +9.826068437e+06 +9.826068437e+06 -1.2652e+00 +2.7245e+00 -1.4944e+00 +1.9324e+00 +1.0027e+00 +1.8771e+00 +2.0365e+00 -3.5391e+00 +2.5273e+00 +3.7052e+00 -4.4834e+00 +4.2218e+00 -8.8818e-01 +2.8441e+00 -3.3233e+00 +4.6106e+00 +3.6317e-01 -4.8650e+00 +3.6382e+00 +2.0012e+00
40 0 +8.309395811e+06 +8.309426391e+06 +8.309426391e+06 -2.9010e+00 +4.6267e+00 -4.5076e+00 +5.7116e-01 +5.0011e-01 -4.8968e+00 -3.3304e+00 -1.0734e+00 +1.2535e+00 +1.4017e+00 -1.1277e+00 -1.6204e+00 +3.2079e+00 -4.2208e+00 -2.5429e+00 -3.3290e+00 -3.5436e+00 -2.9312e+00 -3.5604e+00 -4.3160e+00
% f evaluations | g evaluations | best noise-free fitness - Fopt (1.000000000000e+03) + sum g_i+ | measured fitness | best measured fitness or single-digit g-values | x1 | x2...
1 0 +8.143178977e+06 +8.144178977e+06 +8.144178977e+06 +6.9017e-01 +3.0214e+00 -4.2008e+00 +2.4769e+00 +3.5857e+00 -1.0599e+00 +1.9382e+00 -2.5367e+00 -2.7659e+00 -2.2790e+00 +7.6671e-01 +8.0450e-01 +3.5017e-01 +1.1966e+00 +1.8267e+00 -5.8129e-01 -7.8223e-01 -3.1112e+00 +1.5916e+00 +2.6586e+00
6 0 +3.205220551e+06 +3.206220551e+06 +3.206220551e+06 -1.1332e+00 +4.0570e+00 -4.0601e+00 -3.8022e+00 -2.0447e+00 +5.5199e-01 -3.1370e+00 -5.7044e-01 -1.4040e-01 -3.9288e-01 +1.9830e+00 -4.0128e+00 -3.0767e+00 -4.9827e-01 +2.6172e+00 +9.5884e-01 -3.6365e+00 +1.2408e+00 -1.0539e+00 +1.3983e+00
31 0 +3.133025298e+06 +3.134025298e+06 +3.134025298e+06 +3.5252e+00 +1.8883e+00 +4.1521e+00 -4.0354e+00 -1.4422e+00 -2.0945e+00 -8.8729e-01 +3.4820e+00 -2.5646e+00 -2.8059e+00 -1.5642e-01 +3.0544e+00 +4.1876e+00 +3.6130e+00 +3.4449e-01 -1.6193e+00 +4.6942e+00 -1.3018e+00 -4.8598e+00 +4.3243e+00
213 0 +2.750217548e+06 +2.751217548e+06 +2.751217548e+06 -2.3561e+00 +3.9026e+00 -4.4518e+00 -1.7994e+00 -2.8178e+00 +9.6454e-01 -3.9439e+00 -1.8992e+00 -9.0632e-01 -4.5623e-02 +2.9004e+00 -4.9389e+00 -3.8683e+00 -7.4644e-01 +3.1283e+00 +1.6610e+00 -4.4876e+00 +1.5341e+00 -6.9717e-01 +6.9052e-01
252 0 +1.963151185e+06 +1.964151185e+06 +1.964151185e+06 +2.1222e+00 +3.2964e+00 -2.7446e+00 -4.2820e-01 -1.3556e-01 -7.9863e-01 -1.3884e+00 +3.5698e-01 -2.0062e+00 +6.8849e-01 +2.2834e+00 -1.6656e+00 -1.0339e+00 +2.4325e+00 -1.3368e-01 +1.7963e+00 +5.1067e-01 -1.5754e+00 +1.4204e+00 -4.8656e-01
% f evaluations | g evaluations | best noise-free fitness - Fopt (-4.236000000000e+01) + sum g_i+ | measured fitness | best measured fitness or single-digit g-values | x1 | x2...
1 0 +3.379613774e+07 +3.379609538e+07 +3.379609538e+07 -2.7598e+00 +3.1905e+00 -1.9189e+00 +1.0529e+00 +2.9468e+00 -4.6105e-01 -3.3506e+00 +1.7155e+00 -1.8012e+00 +1.3131e+00 +1.0421e+00 +2.1890e+00 -1.5657e+00 -3.6749e+00 +5.9623e-01 -9.0306e-02 -1.3295e+00 -3.1778e-01 +3.2613e+00 -1.4494e+00
2 0 +3.830939926e+06 +3.830897566e+06 +3.830897566e+06 -2.6027e+00 -1.5310e+00 +8.0244e-01 +3.0495e-01 -8.5163e-01 +1.2633e+00 -5.8830e-01 -9.4904e-01 +8.8504e-01 +5.1352e-01 -5.8559e-01 +1.4423e+00 +8.1942e-01 -1.3423e+00 -2.7290e-02 -1.0117e+00 -1.5844e+00 +1.0134e+00 -1.2616e+00 +6.7445e-01
14 0 +3.185302540e+06 +3.185260180e+06 +3.185260180e+06 +3.6445e+00 +5.5525e-01 -1.6546e+00 +3.9619e+00 +3.7116e+00 +2.3471e+00 +4.0921e+00 -4.2310e+00 +6.7297e-01 +3.1687e+00 -3.4569e+00 +2.7349e+00 +1.7661e+00 -7.6128e-01 +4.1107e+00 +1.9607e+00 -9.5269e-01 +2.3304e+00 -3.8876e-01 -5.3443e-01
28 0 +1.193521129e+06 +1.193478769e+06 +1.193478769e+06 +2.8720e+00 -3.4928e+00 +4.8740e+00 +9.2392e-01 -4.3097e+00 -4.8849e+00 -1.6476e-01 +1.6362e+00 -2.4253e+00 +3.9375e+00 -3.8393e+00 +2.1389e+00 -3.8465e+00 -1.8849e+00 +2.4593e+00 +3.8926e+00 -4.3026e+00 -7.6171e-01 -1.6754e+00 +2.6602e-01
% f evaluations | g evaluations | best noise-free fitness - Fopt (-7.187000000000e+01) + sum g_i+ | measured fitness | best measured fitness or single-digit g-values | x1 | x2...
1 0 +1.152525948e+07 +1.152518761e+07 +1.152518761e+07 -6.3591e-01 -3.3777e+00 +1.8114e+00 -4.9141e-01 +1.2600e+00 +4.1370e+00 +2.3746e+00 -1.2219e+00 -3.6169e-02 -1.0701e-02 -1.8994e+00 -7.8120e-01 -4.6062e+00 +3.2836e+00 +9.3490e-02 -3.3257e+00 -3.4127e-01 -1.9838e+00 +2.6603e+00 +7.2376e-01
2 0 +7.895844013e+06 +7.895772143e+06 +7.895772143e+06 -2.2618e+00 +2.3023e+00 -2.2036e+00 +1.3316e+00 +4.7363e+00 -6.5260e-01 -2.5036e+00 +1.5306e+00 -1.2399e+00 -2.6070e+00 +2.4227e+00 -2.3579e+00 -2.5154e+00 +1.9162e+00 -7.9169e-01 -8.1667e-01 -8.6842e-02 -2.0500e+00 +9.2993e-01 -1.4508e+00
4 0 +3.528290513e+06 +3.528218643e+06 +3.528218643e+06 -5.4397e-01 -7.9411e-01 -2.3566e+00 -1.0963e+00 -3.1334e+00 +2.4504e+00 +1.9198e+00 -3.0480e+00 +3.6662e+00 +2.3749e+00 -7.0861e-02 +2.3649e-01 +4.0194e+00 -8.8407e-01 -3.6729e-01 +8.8305e-01 +4.1770e+00 +3.1799e+00 +2.2534e-01 +4.9942e-01
7 0 +2.587119411e+06 +2.587047541e+06 +2.587047541e+06 +3.4139e+00 +1.9843e+00 +8.9003e-01 -1.6341e+00 +3.5862e+00 -3.8379e+00 +1.8999e+00 -4.8992e+00 -3.1257e-01 +2.8486e+00 -2.0519e+00 +7.3611e-01 +1.4796e+00 -8.1371e-01 -3.7435e-01 -7.0893e-01 +2.1319e+00 +1.2582e+00 +8.3957e-01 +2.4203e+00
15 0 +2.288555274e+06 +2.288483404e+06 +2.288483404e+06 +3.7226e+00 +3.1119e+00 +2.2869e+00 -1.4022e+00 +3.2676e+00 -3.5190e+00 +1.7838e+00 -4.9081e+00 -2.3571e-01 +3.2466e+00 -3.0287e+00 +9.1439e-01 +1.7897e+00 -2.2418e+00 -1.0387e+00 -1.8694e+00 +2.3743e+00 +2.2622e+00 +9.5385e-01 +2.0926e+00
109 0 +2.119497579e+06 +2.119425709e+06 +2.119425709e+06 +7.5881e-02 -4.0435e-02 -2.4092e+00 -8.2437e-01 +1.4345e+00 -7.2888e-01 +8.4765e-01 -2.4504e+00 +9.7784e-01 +8.9396e-01 +7.7490e-01 -4.1668e-01 +1.2089e+00 +1.0870e+00 +1.0665e-01 +8.8831e-01 +2.1691e+00 +3.0339e-01 +4.9325e-01 +9.3181e-01
154 0 +1.861023405e+06 +1.860951535e+06 +1.860951535e+06 +3.3101e+00 +3.0105e+00 +2.0052e+00 -1.2539e+00 +2.9822e+00 -3.3687e+00 +1.5683e+00 -4.8346e+00 -1.6477e-02 +2.9048e+00 -2.6914e+00 +9.7048e-01 +1.6122e+00 -2.1929e+00 -1.0823e+00 -1.9915e+00 +2.2751e+00 +2.0386e+00 +7.6040e-01 +2.0661e+00
353 0 +1.783238117e+06 +1.783166247e+06 +1.783166247e+06 +2.6602e+00 +2.7143e+00 -1.0374e-01 -8.6352e-01 +3.3436e+00 -2.7559e+00 +1.4156e+00 -4.0816e+00 +7.9074e-02 +3.0074e+00 -3.1047e+00 +7.8535e-01 +1.4228e+00 -2.1066e+00 -6.5074e-01 -1.2715e+00 +1.7761e+00 +1.4491e+00 +7.8706e-01 +4.0146e-02
362 0 +1.704347281e+06 +1.704275411e+06 +1.704275411e+06 +3.7226e+00 +3.1119e+00 +3.9417e-01 -1.4022e+00 +3.2676e+00 -3.5190e+00 +1.7838e+00 -4.9081e+00 -2.3571e-01 +3.2466e+00 -1.7582e+00 +9.1439e-01 +1.7897e+00 -2.2418e+00 -1.0387e+00 -1.8694e+00 +2.3743e+00 +2.2622e+00 +9.5385e-01 +2.0926e+00
363 0 +1.669163401e+06 +1.669091531e+06 +1.669091531e+06 +3.7226e+00 +3.1119e+00 +3.9417e-01 -1.4022e+00 +3.2676e+00 -3.5190e+00 +1.7838e+00 -4.9081e+00 -2.3571e-01 +3.2466e+00 -3.0287e+00 +9.1439e-01 +3.9285e-02 -2.2418e+00 -1.0387e+00 -1.8694e+00 +2.3743e+00 +2.2622e+00 +9.5385e-01 +2.0926e+00
% f evaluations | g evaluations | best noise-free fitness - Fopt (-1.650000000000e+01) + sum g_i+ | measured fitness | best measured fitness or single-digit g-values | x1 | x2...
1 0 +8.127802343e+06 +8.127785843e+06 +8.127785843e+06 -2.3269e+00 +4.7681e+00 -2.7185e+00 +2.6261e+00 -1.5797e+00 +1.0027e+00 +4.0255e+00 -2.4365e+00 -1.0160e+00 +1.8209e+00 +1.3227e+00 -1.1108e+00 -4.6615e+00 -7.4179e-01 +2.4414e+00 -1.7998e+00 -7.2753e-01 -5.9152e-01 +3.5420e-01 -1.0664e+00
5 0 +7.222028107e+06 +7.222011607e+06 +7.222011607e+06 -2.1710e+00 +4.6868e+00 -2.5906e+00 +2.5335e+00 -1.4383e+00 +8.3317e-01 +3.8741e+00 -2.1801e+00 -1.0763e+00 +1.7471e+00 +1.3428e+00 -9.9769e-01 -4.6140e+00 -6.8937e-01 +2.4158e+00 -1.6649e+00 -7.9136e-01 -3.9071e-01 +3.1420e-01 -9.2770e-01
6 0 +6.273028039e+06 +6.273011539e+06 +6.273011539e+06 -1.9214e+00 +1.1647e+00 +5.7903e-01 +2.6694e-01 -2.9104e+00 -1.4330e+00 +1.6240e+00 +3.9448e+00 +3.4234e+00 -4.4903e+00 -2.5511e-01 -5.8602e-01 -2.0772e-01 +2.1440e+00 -9.9189e-01 -2.1023e+00 -2.4689e+00 -4.3414e+00 +1.9992e+00 -6.8340e-01
8 0 +5.156521360e+06 +5.156504860e+06 +5.156504860e+06 -3.3176e+00 +9.8054e-01 +1.1615e+00 -1.6244e+00 -1.1649e-01 -2.0853e+00 -5.2584e-01 -1.5330e-01 -1.9794e+00 -9.2622e-01 -1.0044e+00 +1.0577e+00 -2.2106e+00 +9.7535e-01 -4.0873e-02 +3.4426e+00 -7.3235e-01 -1.8117e+00 -1.5112e+00 +1.3962e+00
31 0 +4.067871105e+06 +4.067854605e+06 +4.067854605e+06 +2.7860e+00 +2.2712e+00 +1.0364e+00 -2.3526e+00 +1.6293e+00 -2.5133e+00 -2.5050e+00 +3.2882e+00 -7.6739e-02 -2.3638e+00 +3.5374e+00 -7.4104e-01 -2.4437e+00 +2.7393e+00 +4.2004e+00 -4.8052e+00 +2.9575e+00 -2.5696e+00 +3.8460e+00 +2.1000e+00
102 0 +3.233556914e+06 +3.233540414e+06 +3.233540414e+06 -2.8713e+00 +1.9366e+00 +2.2680e-01 -3.9786e-01 -6.2937e-01 -1.0582e+00 +9.5277e-01 -7.2783e-01 -1.4201e+00 -3.8594e-01 -2.6677e-01 +3.7092e-01 -2.5116e+00 +6.1849e-01 +6.4803e-01 +1.9402e+00 -9.6841e-01 -1.6594e+00 -1.1214e+00 +8.5802e-01
105 0 +2.592987329e+06 +2.592970829e+06 +2.592970829e+06 -2.0120e+00 +1.0105e+00 +1.1806e+00 -1.4810e+00 -3.3772e-01 -1.9392e+00 +1.1315e-01 +3.4484e-01 -1.5463e+00 -6.4140e-01 -7.3068e-01 +6.7921e-01 -1.3223e+00 +8.8156e-01 -3.2115e-02 +2.6405e+00 -9.6200e-01 -1.3115e+00 -9.9299e-01 +8.9620e-01
158 0 +2.250887689e+06 +2.250871189e+06 +2.250871189e+06 -4.3521e-01 +1.1246e+00 +1.0445e+00 -1.5114e+00 -3.9554e-01 -2.1851e+00 +4.6516e-01 +1.0525e+00 -1.5418e+00 +1.6247e-01 -5.9193e-01 +3.6218e-01 -6.9530e-01 +5.4684e-01 -1.0540e-01 +1.7113e+00 -8.0787e-01 -2.0447e-01 -4.6456e-03 -8.0523e-02
208 0 +2.153311679e+06 +2.153295179e+06 +2.153295179e+06 +9.7853e-01 +3.5748e+00 -1.8900e+00 -5.9726e-01 +7.2974e-01 +1.6762e-01 +1.8458e+00 -1.8702e+00 -2.0683e+00 -1.3129e+00 +1.6788e+00 +8.5662e-01 -4.1407e+00 +1.7732e+00 +1.0206e+00 -1.3704e+00 +4.6024e-01 +1.4855e+00 +1.9848e+00 -3.4781e-01
209 0 +1.998117040e+06 +1.998100540e+06 +1.998100540e+06 +1.2818e+00 +3.4653e+00 -1.8140e+00 -8.9302e-01 +9.4165e-01 +9.0997e-02 +1.6459e+00 -1.8182e+00 -2.1649e+00 -1.6005e+00 +1.7115e+00 +1.0371e+00 -4.0929e+00 +2.0040e+00 +8.9022e-01 -1.3310e+00 +5.6922e-01 +1.6760e+00 +2.1344e+00 -2.8187e-01
410 0 +1.603700694e+06 +1.603684194e+06 +1.603684194e+06 -1.3644e-01 +1.5627e+00 -2.8097e-02 +3.8906e-01 +8.9714e-01 +6.8658e-01 +1.3412e+00 -2.0482e-01 +5.4012e-02 -4.0981e-01 +1.9391e+00 +1.6468e+00 -1.9881e+00 -5.5385e-02 +5.6049e-01 -2.5482e+00 -9.0657e-02 +1.5066e+00 +1.8744e-01 +1.5097e-01
% f evaluations | g evaluations | best noise-free fitness - Fopt (1.000000000000e+03) + sum g_i+ | measured fitness | best measured fitness or single-digit g-values | x1 | x2...
1 0 +8.219530421e+06 +8.220530421e+06 +8.220530421e+06 -2.7341e-01 -7.0991e-01 -1.9130e+00 +1.8039e+00 +2.2625e+00 +3.9603e+00 -3.1942e+00 -4.0093e+00 +4.0694e+00 -3.2841e-01 -1.4463e+00 +2.5111e+00 +1.1143e+00 -1.7269e+00 +3.9213e-01 +2.2650e+00 -3.6742e+00 +2.0732e-01 +1.4245e+00 -1.3277e-01
6 0 +6.991297806e+06 +6.992297806e+06 +6.992297806e+06 -3.5892e+00 +1.1785e+00 -1.4073e+00 -3.7891e+00 -2.9831e-01 +1.3133e+00 +3.0860e+00 +8.6779e-01 +1.6848e+00 +3.9319e+00 +6.6026e-01 +2.4191e+00 +3.7604e+00 -3.3476e-01 +2.9808e+00 +9.7223e-01 -6.9299e-02 -1.5108e-01 +2.2518e+00 +1.3202e+00
10 0 +5.209550617e+06 +5.210550617e+06 +5.210550617e+06 +6.8755e-01 -3.3915e+00 -4.7805e+00 +1.6769e+00 +1.0822e+00 +1.6454e+00 +4.4339e+00 -7.8367e-01 -7.8203e-01 +2.3124e+00 -1.7277e+00 -1.7693e+00 +3.4255e+00 +5.2515e-02 -2.3756e+00 -2.6932e+00 +1.9512e+00 -2.2347e+00 -3.5472e+00 -3.2120e+00
41 0 +3.629551303e+06 +3.630551303e+06 +3.630551303e+06 -1.5459e+00 -3.9210e+00 -1.0222e+00 -2.2259e+00 +2.6274e+00 +6.4821e-01 +3.4575e+00 -1.7299e+00 +2.4913e+00 +2.9105e+00 -2.0397e+00 +1.4196e+00 +4.5022e+00 -3.3191e+00 +2.1764e-02 +2.7663e+00 -1.9265e+00 +4.8634e+00 +4.8373e+00 -4.0087e+00
% f evaluations | g evaluations | best noise-free fitness - Fopt (-1.000000000000e+03) + sum g_i+ | measured fitness | best measured fitness or single-digit g-values | x1 | x2...
1 0 +3.729987595e+07 +3.729887595e+07 +3.729887595e+07 -3.9775e+00 -3.5775e+00 -4.4177e+00 +4.7608e-01 +3.0160e-01 -6.8945e-01 +4.9336e+00 +7.2300e-01 +6.6971e-01 +5.4769e-01 +1.9317e+00 +9.4412e-01 -2.4796e+00 -4.8927e-02 -3.0397e+00 -1.0831e-01 +1.4996e+00 +1.0299e+00 +1.4989e+00 -9.2834e-01
2 0 +2.159068424e+07 +2.158968424e+07 +2.158968424e+07 +7.2120e-02 -1.2658e+00 -2.4039e+00 -2.8076e+00 +5.7781e-01 +8.8555e-01 +1.6479e+00 -2.2328e+00 +3.5521e+00 -1.6752e+00 +1.8878e+00 +2.1003e+00 -2.9868e+00 -2.9663e+00 +4.2232e-01 -4.4968e+00 -2.5884e+00 +1.3042e+00 -1.0631e+00 +1.1496e+00
3 0 +1.130045862e+07 +1.129945862e+07 +1.129945862e+07 +2.8180e+00 +4.0626e-01 -1.8686e-01 +8.8718e-01 +4.8816e-01 +8.5838e-01 +6.8978e-02 -1.2078e+00 -1.9387e-01 -6.1272e-01 +5.0720e-01 +4.2477e+00 +1.5451e+00 +7.2625e-01 -3.5935e+00 -3.4046e+00 +9.3414e-01 -5.7162e-01 -3.5845e+00 +6.8878e-01
4 0 +9.490193384e+06 +9.489193384e+06 +9.489193384e+06 +2.0187e+00 -3.8280e+00 -1.2281e+00 -1.7754e+00 +8.2419e-02 -3.4365e+00 -2.0956e+00 +4.3360e+00 -1.2534e-01 -4.9003e+00 -1.4457e+00 +1.6854e+00 +4.0462e+00 -3.1185e+00 +2.3960e+00 -1.2974e+00 +5.3993e-01 +3.4572e+00 -6.6207e-01 -1.4202e+00
5 0 +8.543966038e+06 +8.542966038e+06 +8.542966038e+06 +3.6233e+00 +2.4468e+00 -2.9592e+00 -2.3886e+00 +4.4624e-01 +1.2490e+00 +4.9325e+00 +3.8212e+00 -3.7194e+00 +2.5339e+00 +2.0676e-01 +2.9286e+00 -3.7081e+00 +2.2559e-01 -9.4333e-01 +2.1705e+00 -3.4668e+00 -2.5753e+00 +3.4517e-01 +3.4343e+00
10 0 +4.620676018e+06 +4.619676018e+06 +4.619676018e+06 -3.8453e+00 -2.3168e-01 -4.3199e+00 -2.4041e+00 -2.9323e+00 -4.4121e+00 -4.7576e+00 -2.1972e+00 +3.2536e+00 -3.9339e+00 -1.8215e+00 +4.1612e+00 -2.8955e+00 +3.5631e-01 -7.7161e-01 +2.2817e+00 -3.4234e+00 +6.2533e-01 -3.5819e+00 -8.2048e-01
363 0 +3.322964340e+06 +3.321964340e+06 +3.321964340e+06 -3.8453e+00 -2.3168e-01 -4.3199e+00 -1.2267e+00 -2.9323e+00 -4.4121e+00 -4.7576e+00 -2.1972e+00 +3.2536e+00 -3.9339e+00 -1.8215e+00 +4.1612e+00 -2.8955e+00 +3.5631e-01 -7.7161e-01 +2.2817e+00 -3.4234e+00 +6.2533e-01 -3.5819e+00 -8.2048e-01
806 0 +3.029442508e+06 +3.028442508e+06 +3.028442508e+06 -3.8661e+00 -7.5831e-01 -4.3353e+00 -1.9508e+00 -2.4233e+00 -3.8262e+00 -3.2322e+00 -1.7375e+00 +2.8469e+00 -3.2285e+00 -7.3718e-01 +3.6548e+00 -2.8300e+00 +2.9252e-01 -1.1286e+00 +1.9055e+00 -2.6485e+00 +6.8901e-01 -2.7822e+00 -8.3746e-01
910 0 +2.262447574e+06 +2.261447574e+06 +2.261447574e+06 -3.8661e+00 -7.5831e-01 -4.3353e+00 -1.9508e+00 -2.4233e+00 -3.8262e+00 -3.2322e+00 -1.7375e+00 +2.8469e+00 -3.2285e+00 -7.3718e-01 +3.6548e+00 -2.8300e+00 +2.9252e-01 -1.1286e+00 +2.9704e-01 -2.6485e+00 +6.8901e-01 -2.7822e+00 -8.3746e-01
% f evaluations | g evaluations | best noise-free fitness - Fopt (-1.527400000000e+02) + sum g_i+ | measured fitness | best measured fitness or single-digit g-values | x1 | x2...
1 0 +3.904885863e+07 +3.904870589e+07 +3.904870589e+07 +1.6268e+00 -2.8938e-01 +3.6024e+00 -2.3994e+00 +2.8203e-01 +1.7663e+00 +1.7569e+00 -9.9327e-02 -1.0491e-01 +3.1945e-01 -2.1552e+00 -1.8429e+00 -4.0166e+00 +2.0468e+00 -6.0579e-02 +1.2388e+00 +3.3197e+00 -3.4447e+00 +1.5927e+00 +1.8372e+00
2 0 +2.962485548e+07 +2.962470274e+07 +2.962470274e+07 +1.5522e+00 +1.7486e+00 +5.1173e-01 +1.6637e+00 +1.8972e+00 +1.4187e+00 +2.1430e+00 +1.2488e+00 +1.5557e+00 -3.4076e-01 +1.7731e+00 -1.7113e+00 -1.8978e+00 -5.3851e-01 -1.9118e+00 +1.9886e+00 +2.7844e+00 -1.6107e+00 -1.7355e+00 +1.4362e+00
3 0 +2.862288499e+07 +2.862273225e+07 +2.862273225e+07 +9.5827e-01 +1.8500e+00 -2.9004e-01 +2.1549e+00 +2.1686e+00 +1.2029e+00 +2.2188e+00 +1.5049e+00 +1.7732e+00 +4.4625e-01 +1.6248e+00 -1.6387e+00 -1.4161e+00 +1.1862e-01 -1.5206e+00 +1.8625e+00 +2.9579e+00 -2.0445e+00 -1.7021e+00 +1.4355e+00
4 0 +6.006487143e+06 +6.006334403e+06 +6.006334403e+06 -3.8562e+00 +2.2293e+00 +1.2127e+00 +2.7698e-01 +1.1033e-01 -2.5984e-01 +1.4855e+00 -1.5410e+00 -2.7407e+00 -1.6593e+00 -2.0847e+00 +7.0009e-02 -2.1871e+00 +3.6549e-01 +1.9261e+00 -1.6918e+00 +1.4239e+00 -2.3509e+00 -4.8512e-01 +1.0057e+00
14 0 +4.886621266e+06 +4.886468526e+06 +4.886468526e+06 -3.1410e+00 -1.8216e+00 -2.7559e+00 -5.4150e-01 +2.8347e+00 -4.7174e+00 -3.5625e+00 -1.4863e+00 +2.2678e+00 +1.6126e+00 -2.5555e+00 -4.7488e+00 -4.0386e+00 -3.4199e+00 -2.5849e-01 +3.6110e+00 -1.5663e+00 -1.7014e+00 -2.2452e+00 -3.8813e+00
41 0 +3.325479541e+06 +3.325326801e+06 +3.325326801e+06 -6.0876e-01 +3.7633e+00 -3.4510e+00 -2.0752e+00 +2.7537e+00 -2.2782e+00 -4.6724e-01 -2.6436e+00 -4.2813e+00 -3.2022e+00 -1.7817e+00 -2.8100e-01 -1.4119e+00 +4.9353e+00 +4.8956e-01 -1.2591e+00 +3.6398e+00 +3.6567e+00 +3.7143e+00 +1.4901e+00
1512 0 +3.105495831e+06 +3.105343091e+06 +3.105343091e+06 -6.8272e-01 +2.5437e+00 -2.6808e+00 +1.4154e+00 +2.6037e+00 -4.4281e-01 -8.9207e-02 -3.1969e-01 +5.3753e-01 -1.7706e+00 -1.6242e+00 -2.6338e+00 -1.7382e+00 +4.6302e-01 +1.1197e+00 -2.5905e-01 -9.3342e-01 -2.9801e-01 -1.5080e+00 +9.0924e-01
1812 0 +3.086509157e+06 +3.086356417e+06 +3.086356417e+06 -6.8272e-01 +2.5437e+00 -2.6808e+00 +1.4154e+00 +2.6037e+00 -4.4281e-01 -8.9207e-02 -3.1969e-01 +5.3753e-01 -1.7706e+00 -1.6242e+00 -2.6338e+00 -1.2186e+00 +4.6302e-01 +1.1197e+00 -2.5905e-01 -9.3342e-01 -2.9801e-01 -1.5080e+00 +9.0924e-01
