% f evaluations | g evaluations | best noise-free fitness - Fopt (-5.494000000000e+01) + sum g_i+ | measured fitness | best measured fitness or single-digit g-values | x1 | x2...
1 0 +1.231139359e+07 +1.231133865e+07 +1.231133865e+07 +3.1241e+00 +6.0860e-01 -4.9687e-01 +1.4881e-01 +1.5850e+00
2 0 +8.071143583e+06 +8.071088643e+06 +8.071088643e+06 +1.6223e+00 -2.6959e+00 -8.8511e-01 -1.2933e+00 +2.8708e+00
12 0 +2.120269194e+06 +2.120214254e+06 +2.120214254e+06 -4.2650e+00 +1.4107e+00 -1.4186e-02 -8.6035e-01 -7.0476e-01
14 0 +6.958494480e+05 +6.957945080e+05 +6.957945080e+05 -3.0446e+00 -3.7105e+00 +4.9276e-01 +1.0255e-01 +2.5991e+00
23 0 +5.099354472e+05 +5.098805072e+05 +5.098805072e+05 +8.8626e-02 -2.6854e+00 -3.6984e+00 -1.6407e+00 +2.9954e+00
34 0 +3.835746932e+05 +3.835197532e+05 +3.835197532e+05 +8.2311e-01 +4.9378e+00 -2.8991e+00 +3.6756e-01 +1.8879e+00
% f evaluations | g evaluations | best noise-free fitness - Fopt (5.913000000000e+01) + sum g_i+ | measured fitness | best measured fitness or single-digit g-values | x1 | x2...
1 0 +6.178002162e+06 +6.178061292e+06 +6.178061292e+06 -1.2188e+00 +3.3678e-01 +1.6736e+00 +1.5804e-01 -1.0627e-02
2 0 +1.047924876e+06 +1.047984006e+06 +1.047984006e+06 +8.0828e-02 +2.2588e+00 -9.8733e-01 +3.6172e+00 -1.6433e+00
3 0 +6.349825100e+05 +6.350416400e+05 +6.350416400e+05 -2.3909e+00 +2.0775e+00 -6.3482e-02 +4.1717e+00 -1.5054e+00
4 0 +4.492909170e+05 +4.493500470e+05 +4.493500470e+05 +1.3560e-01 +6.4241e-01 -1.3389e+00 +3.7414e+00 -1.6535e+00
14 0 +2.251248161e+05 +2.251839461e+05 +2.251839461e+05 +3.6044e+00 +4.6054e+00 +7.4541e-01 -4.1631e+00 -7.5603e-01
35 0 +5.530979708e+04 +5.536892708e+04 +5.536892708e+04 +2.1772e-02 +3.0722e+00 -1.3137e+00 -2.0336e+00 -3.1579e+00
64 0 +3.686820108e+04 +3.692733108e+04 +3.692733108e+04 -2.9053e-01 +1.4307e+00 +1.2377e+00 -2.8013e+00 -3.8578e+00
% f evaluations | g evaluations | best noise-free fitness - Fopt (-4.915300000000e+02) + sum g_i+ | measured fitness | best measured fitness or single-digit g-values | x1 | x2...
1 0 +5.517399657e+06 +5.516908127e+06 +5.516908127e+06 -2.1739e+00 +3.6975e-01 -5.1081e-01 +6.2899e-01 +2.5145e-01
2 0 +4.609788030e+06 +4.609296500e+06 +4.609296500e+06 -1.8027e+00 -1.9741e+00 -2.5582e+00 +1.8207e+00 +1.6223e+00
3 0 +1.439624103e+06 +1.439132573e+06 +1.439132573e+06 -4.9486e-01 -1.5488e+00 -2.1570e+00 +1.5231e+00 +2.4433e+00
5 0 +3.838861990e+05 +3.833946690e+05 +3.833946690e+05 +1.0553e-01 -1.0825e+00 -1.7352e+00 +1.2462e+00 +2.6950e+00
6 0 +1.489278982e+05 +1.484363682e+05 +1.484363682e+05 +1.3361e+00 -4.5889e-01 -1.0381e+00 +1.4844e+00 +2.5058e+00
10 0 +6.758866047e+04 +6.709713047e+04 +6.709713047e+04 +5.9135e-01 -9.5726e-01 -9.2931e-01 +1.6036e+00 +2.7036e+00
157 0 +5.170232440e+04 +5.121079440e+04 +5.121079440e+04 +8.4671e-02 -8.2278e-01 +5.2523e-02 -5.6964e-01 +4.0007e-01
202 0 +1.137400160e+04 +1.088247160e+04 +1.088247160e+04 +7.1434e-01 -6.7812e-01 -3.8817e-01 +1.2483e+00 +2.5136e+00
% f evaluations | g evaluations | best noise-free fitness - Fopt (-1.702000000000e+02) + sum g_i+ | measured fitness | best measured fitness or single-digit g-values | x1 | x2...
1 0 +2.164210726e+07 +2.164193706e+07 +2.164193706e+07 +1.1073e+00 -1.3565e+00 +1.3503e+00 -9.8157e-01 +1.7112e+00
4 0 +6.725241261e+06 +6.725071061e+06 +6.725071061e+06 +3.5658e+00 -1.7009e+00 +7.0798e-01 +1.5288e+00 +6.4567e-01
10 0 +5.168560705e+06 +5.168390505e+06 +5.168390505e+06 -1.3883e+00 +4.2302e+00 -4.5639e+00 +1.9656e+00 -4.4696e+00
12 0 +5.441598232e+05 +5.439896232e+05 +5.439896232e+05 +4.4721e-01 +2.1982e+00 -2.9926e+00 +1.7947e+00 +2.9161e+00
22 0 +4.582888532e+05 +4.581186532e+05 +4.581186532e+05 -4.1335e+00 +4.9234e+00 +6.2735e-01 +4.7216e+00 +2.5604e+00
39 0 +3.082541564e+05 +3.080839564e+05 +3.080839564e+05 +3.4646e-01 -2.0091e+00 -1.5551e+00 +2.8961e+00 +2.4221e+00
110 0 +2.360047265e+05 +2.358345265e+05 +2.358345265e+05 +3.4646e-01 -1.0260e-01 -1.5551e+00 +2.8961e+00 +2.4221e+00
% f evaluations | g evaluations | best noise-free fitness - Fopt (-4.697500000000e+02) + sum g_i+ | measured fitness | best measured fitness or single-digit g-values | x1 | x2...
1 0 +2.708311633e+06 +2.707841883e+06 +2.707841883e+06 +9.7016e-01 -1.1278e+00 +1.8846e+00 +6.6768e-01 -8.8076e-01
13 0 +3.936850357e+05 +3.932152857e+05 +3.932152857e+05 -1.7297e-01 -4.7652e+00 +2.7626e+00 -3.3714e-01 +4.5821e+00
23 0 +1.919898472e+05 +1.915200972e+05 +1.915200972e+05 +4.2265e+00 +4.1321e+00 +2.0986e+00 +2.5948e+00 +2.3504e+00
161 0 +1.000219937e+05 +9.955224371e+04 +9.955224371e+04 +4.2265e+00 +4.1321e+00 +2.0986e+00 +2.5948e+00 +1.5830e+00
% f evaluations | g evaluations | best noise-free fitness - Fopt (-5.191000000000e+01) + sum g_i+ | measured fitness | best measured fitness or single-digit g-values | x1 | x2...
1 0 +8.159020103e+06 +8.158968193e+06 +8.158968193e+06 -3.8488e-01 -1.6207e+00 +1.5727e+00 -5.2866e-01 +9.0974e-01
2 0 +1.167956959e+06 +1.167905049e+06 +1.167905049e+06 -2.4561e-01 +5.2636e-01 -2.3775e+00 -1.9181e+00 -1.4273e+00
6 0 +1.039178189e+06 +1.039126279e+06 +1.039126279e+06 +6.2748e-01 -1.1935e+00 -2.1872e+00 -2.0179e+00 -4.4906e-01
18 0 +7.962086720e+05 +7.961567620e+05 +7.961567620e+05 +3.9472e+00 +2.2033e+00 -2.0029e-01 -3.4080e-01 +5.2791e-01
20 0 +7.270881315e+05 +7.270362215e+05 +7.270362215e+05 -2.3082e+00 +4.6343e+00 -2.7731e+00 -4.3666e+00 +1.7067e+00
30 0 +5.617269537e+05 +5.616750437e+05 +5.616750437e+05 -1.5907e-01 -1.4992e+00 -1.1183e+00 -1.7557e+00 -3.3809e+00
39 0 +1.578130297e+05 +1.577611197e+05 +1.577611197e+05 -4.5788e+00 +1.1992e+00 -4.0708e+00 -2.1913e+00 +4.8555e+00
155 0 +1.213749223e+05 +1.213230123e+05 +1.213230123e+05 +1.4013e+00 -1.2341e+00 +6.2125e-02 +1.4112e+00 -2.3130e+00
256 0 +7.199452271e+04 +7.194261271e+04 +7.194261271e+04 -4.5895e-01 -1.3252e-01 -1.1568e+00 -5.1290e-01 -6.8636e-01
258 0 +1.190130624e+04 +1.184939624e+04 +1.184939624e+04 +8.9250e-01 +1.8618e-01 -1.2251e+00 -5.9947e-01 -8.9283e-02
261 0 +2.176400339e+03 +2.124490339e+03 +2.124490339e+03 -1.0631e+00 +2.2679e+00 -2.7956e+00 -1.8469e-01 +3.2429e+00
% f evaluations | g evaluations | best noise-free fitness - Fopt (4.808000000000e+01) + sum g_i+ | measured fitness | best measured fitness or single-digit g-values | x1 | x2...
1 0 +1.265706149e+07 +1.265710957e+07 +1.265710957e+07 +2.5719e+00 -1.6208e+00 +4.3909e-01 -2.2881e+00 +2.1063e-01
2 0 +6.069012265e+06 +6.069060345e+06 +6.069060345e+06 +7.9791e-01 -2.0317e+00 +6.3218e-02 +2.5036e-01 +4.9831e-01
3 0 +5.105778098e+06 +5.105826178e+06 +5.105826178e+06 +5.9523e-01 -2.0786e+00 +2.0273e-02 +5.4039e-01 +5.3118e-01
4 0 +1.511489208e+06 +1.511537288e+06 +1.511537288e+06 -9.4330e-01 +1.7998e+00 -2.8350e+00 -2.5386e+00 +1.2026e+00
5 0 +8.337304094e+05 +8.337784894e+05 +8.337784894e+05 +1.1345e-01 +2.6315e+00 -3.2989e+00 -1.2147e+00 +4.9265e-01
8 0 +6.881158065e+04 +6.885966065e+04 +6.885966065e+04 +1.2840e+00 +3.1925e+00 -3.2085e+00 +1.8786e-01 -1.1730e-01
59 0 +2.740557344e+04 +2.745365344e+04 +2.745365344e+04 -4.6110e-01 +5.8422e-01 -1.9401e+00 -1.5736e+00 +9.9217e-01
210 0 +2.196451504e+04 +2.201259504e+04 +2.201259504e+04 -4.6110e-01 +1.6828e-01 -1.9401e+00 -1.5736e+00 +9.9217e-01
314 0 +2.149536567e+04 +2.154344567e+04 +2.154344567e+04 -4.6110e-01 +1.0584e-01 -1.9401e+00 -1.5736e+00 +9.9217e-01
% f evaluations | g evaluations | best noise-free fitness - Fopt (3.058000000000e+01) + sum g_i+ | measured fitness | best measured fitness or single-digit g-values | x1 | x2...
1 0 +2.159325075e+06 +2.159355655e+06 +2.159355655e+06 -3.2543e-01 -6.7781e-01 -2.0443e-01 -1.5811e+00 +1.0527e+00
6 0 +1.694026788e+06 +1.694057368e+06 +1.694057368e+06 +7.8638e-02 -1.4852e+00 +2.1226e-01 -1.2123e+00 -6.7447e-01
11 0 +1.040956218e+05 +1.041262018e+05 +1.041262018e+05 -2.3735e+00 -1.8104e+00 -1.6341e+00 +3.6190e+00 +2.6781e+00
% f evaluations | g evaluations | best noise-free fitness - Fopt (1.000000000000e+03) + sum g_i+ | measured fitness | best measured fitness or single-digit g-values | x1 | x2...
1 0 +9.606675954e+05 +9.616675954e+05 +9.616675954e+05 +3.6747e+00 -6.2377e-01 -2.3943e+00 +3.7209e-01 -5.0744e-02
2 0 +6.502109123e+05 +6.512109123e+05 +6.512109123e+05 -2.4231e+00 -2.0006e+00 +1.3976e-01 -4.8845e-01 +1.7654e+00
8 0 +5.490844001e+05 +5.500844001e+05 +5.500844001e+05 +2.8832e+00 +1.1074e+00 -1.3824e+00 +6.2985e-01 -1.9810e+00
9 0 +2.521120697e+05 +2.531120697e+05 +2.531120697e+05 +3.3841e+00 +1.6660e-01 -1.4756e+00 +7.4129e-01 -5.7202e-01
29 0 +5.974203695e+04 +6.074203695e+04 +6.074203695e+04 -1.9500e+00 -2.1057e+00 +7.2122e-01 -2.1772e+00 +2.2349e+00
160 0 +3.936331064e+04 +4.036331064e+04 +4.036331064e+04 -4.5491e+00 -2.2170e+00 -1.8765e+00 -3.3002e-01 +1.3140e+00
206 0 +1.466832146e+04 +1.566832146e+04 +1.566832146e+04 -3.9274e+00 -2.0965e+00 -1.9157e+00 -2.7694e-01 +1.2109e+00
% f evaluations | g evaluations | best noise-free fitness - Fopt (-4.236000000000e+01) + sum g_i+ | measured fitness | best measured fitness or single-digit g-values | x1 | x2...
1 0 +3.162993607e+06 +3.162951247e+06 +3.162951247e+06 +4.2431e-01 -9.5460e-01 -4.5039e-01 -3.1130e+00 -1.1334e-01
2 0 +3.024294644e+06 +3.024252284e+06 +3.024252284e+06 +1.4687e+00 -7.8779e-02 -1.0200e+00 -2.4800e+00 +2.9426e-01
3 0 +2.902178522e+06 +2.902136162e+06 +2.902136162e+06 +2.6975e+00 +9.5178e-01 -1.6902e+00 -1.7351e+00 +7.7388e-01
6 0 +9.394664170e+05 +9.394240570e+05 +9.394240570e+05 +8.6305e-01 -3.4358e+00 -1.2805e+00 -1.2905e+00 -2.3742e+00
7 0 +5.636420855e+05 +5.635997255e+05 +5.635997255e+05 +1.3003e+00 -2.0506e+00 -3.4210e+00 +1.1308e-01 -1.5130e+00
11 0 +1.200797471e+05 +1.200373871e+05 +1.200373871e+05 -2.9162e-01 -5.9692e-01 +2.4564e+00 +1.0437e+00 -1.8438e-01
25 0 +1.128862567e+05 +1.128438967e+05 +1.128438967e+05 -3.1937e+00 +9.3247e-02 -1.4511e+00 -2.8908e+00 -7.2682e-02
104 0 +5.859833533e+04 +5.855597533e+04 +5.855597533e+04 +3.4519e-01 -8.7335e-01 +1.5889e+00 +6.1097e-01 +4.7382e-01
158 0 +7.929648432e+03 +7.887288432e+03 +7.887288432e+03 +4.8041e-01 -8.3207e-01 +1.3206e+00 +3.3761e-01 +5.0906e-01
% f evaluations | g evaluations | best noise-free fitness - Fopt (-7.187000000000e+01) + sum g_i+ | measured fitness | best measured fitness or single-digit g-values | x1 | x2...
1 0 +1.101544205e+06 +1.101472335e+06 +1.101472335e+06 +1.4075e+00 -1.0463e+00 -2.9077e-01 +2.4220e-01 -7.5638e-01
2 0 +1.148902513e+05 +1.148183813e+05 +1.148183813e+05 -2.0068e+00 +1.3269e+00 -1.3187e+00 -1.2744e-01 -6.3219e-01
3 0 +1.088069931e+05 +1.087351231e+05 +1.087351231e+05 -2.1831e+00 +1.3706e+00 -1.3175e+00 +2.1234e-01 -7.1529e-01
4 0 +6.140349042e+04 +6.133162042e+04 +6.133162042e+04 -3.1054e+00 +1.3465e+00 -1.8253e+00 -3.8563e-01 -1.4325e+00
54 0 +2.731894533e+04 +2.724707533e+04 +2.724707533e+04 -1.9300e+00 +7.6702e-01 -1.0927e+00 -6.8126e-01 -1.5504e+00
% f evaluations | g evaluations | best noise-free fitness - Fopt (-1.650000000000e+01) + sum g_i+ | measured fitness | best measured fitness or single-digit g-values | x1 | x2...
1 0 +7.526097034e+06 +7.526080534e+06 +7.526080534e+06 -1.5681e-01 -5.4962e-01 -6.7535e-01 +1.3567e+00 -9.0268e-01
2 0 +5.367985225e+06 +5.367968725e+06 +5.367968725e+06 -8.4799e-01 +9.0150e-01 -2.7619e-01 +1.5252e+00 +1.0367e-01
5 0 +7.647999660e+05 +7.647834660e+05 +7.647834660e+05 +3.8317e-01 +3.0996e+00 +2.6971e-01 +1.7405e+00 -7.0713e-01
6 0 +3.784549593e+05 +3.784384593e+05 +3.784384593e+05 +1.8959e+00 +2.0445e+00 +2.4638e+00 -1.3668e+00 -1.9835e+00
29 0 +1.270677765e+05 +1.270512765e+05 +1.270512765e+05 +1.1400e+00 +4.9651e+00 +1.2814e+00 -3.3786e+00 +4.9361e-01
% f evaluations | g evaluations | best noise-free fitness - Fopt (1.000000000000e+03) + sum g_i+ | measured fitness | best measured fitness or single-digit g-values | x1 | x2...
1 0 +2.255976785e+07 +2.256076785e+07 +2.256076785e+07 +9.8016e-01 -7.2715e-01 -3.2983e-01 +1.3221e+00 -5.7856e-01
2 0 +8.524507274e+06 +8.525507274e+06 +8.525507274e+06 +7.8904e-01 -9.5962e-01 -1.9846e+00 -8.7911e-01 -9.9589e-01
3 0 +7.594858923e+06 +7.595858923e+06 +7.595858923e+06 -7.2791e-04 -1.8691e+00 -1.2589e+00 -1.1765e+00 -1.4515e+00
4 0 +8.776441760e+05 +8.786441760e+05 +8.786441760e+05 -1.0528e+00 +3.9691e+00 -5.5941e-02 -6.7305e-01 +1.1492e-01
19 0 +5.482744754e+05 +5.492744754e+05 +5.492744754e+05 -4.8458e+00 +2.6068e+00 +2.4402e+00 -1.3762e+00 +3.4953e+00
22 0 +5.221253861e+05 +5.231253861e+05 +5.231253861e+05 +2.4845e+00 +2.3902e+00 +3.3848e+00 -3.2847e+00 -3.4262e+00
47 0 +2.482734594e+05 +2.492734594e+05 +2.492734594e+05 -7.2839e-01 +4.4346e+00 +7.1555e-01 -1.0858e+00 +5.1382e-01
314 0 +1.119519807e+05 +1.129519807e+05 +1.129519807e+05 +1.7564e+00 +2.4443e+00 +6.1470e-01 -2.7322e+00 -1.2689e-01
% f evaluations | g evaluations | best noise-free fitness - Fopt (-1.000000000000e+03) + sum g_i+ | measured fitness | best measured fitness or single-digit g-values | x1 | x2...
1 0 +4.322495544e+05 +4.312495544e+05 +4.312495544e+05 -1.7452e+00 +1.9330e+00 +8.1818e-01 -1.5397e+00 -5.5589e-04
6 0 +2.160811298e+05 +2.150811298e+05 +2.150811298e+05 -2.2946e+00 +1.6641e+00 +5.9569e-01 -8.0902e-01 -1.3013e-01
7 0 +1.277249984e+05 +1.267249984e+05 +1.267249984e+05 -4.2308e+00 +7.1652e-01 -1.8845e-01 +1.7662e+00 -5.8680e-01
111 0 +1.060152148e+05 +1.050152148e+05 +1.050152148e+05 -1.7515e+00 +7.1652e-01 -1.8845e-01 +1.7662e+00 -5.8680e-01
% f evaluations | g evaluations | best noise-free fitness - Fopt (-1.527400000000e+02) + sum g_i+ | measured fitness | best measured fitness or single-digit g-values | x1 | x2...
1 0 +8.019084671e+06 +8.018931931e+06 +8.018931931e+06 -8.6991e-01 +1.7075e+00 +1.1602e+00 +1.2103e+00 +9.4353e-01
10 0 +1.982298406e+04 +1.967024406e+04 +1.967024406e+04 +1.7157e+00 +1.2736e+00 -2.9638e+00 -4.3415e+00 +5.8998e-02
