% f evaluations | g evaluations | best noise-free fitness - Fopt (1.491500000000e+02) + sum g_i+ | measured fitness | best measured fitness or single-digit g-values | x1 | x2...
1 0 +3.448446783e+05 +3.449938283e+05 +3.449938283e+05 -2.6035e+00 -4.4716e+00 -2.3521e+00 +1.0634e+00 -2.4242e+00 +8.8643e-01 +4.7394e+00 -2.1399e+00 -3.4305e+00 -4.9506e-01 +2.6154e+00 -9.2438e-01 +3.6805e-01 -4.8529e-01 +9.6037e-02 +2.6962e+00 +2.4941e+00 -3.3937e+00 +1.0501e+00 +6.9667e-01
2 0 +2.602306652e+05 +2.603798152e+05 +2.603798152e+05 +2.3432e+00 +9.6997e-01 -1.2683e+00 -5.2396e-01 +3.0977e+00 -2.9062e+00 -4.5253e+00 -5.2077e-01 -1.0594e+00 +1.5116e+00 -1.6193e+00 +1.5996e+00 +4.1826e+00 +1.0837e+00 +7.9388e-01 +1.6120e+00 +1.9203e-01 -1.9296e+00 -3.2296e+00 +2.6196e-01
3 0 +1.189221851e+05 +1.190713351e+05 +1.190713351e+05 -1.6204e+00 -2.7274e+00 -1.2606e+00 -1.6593e+00 +1.5683e+00 -2.6925e+00 -4.4918e+00 +9.5580e-01 -1.2276e+00 -2.2405e+00 -2.2705e+00 +2.9779e+00 +3.4501e+00 -3.0236e-01 -1.7934e+00 +2.0676e+00 +7.0057e-01 +1.7333e+00 -5.9842e-01 +2.0741e-01
58 0 +1.161081016e+05 +1.162572516e+05 +1.162572516e+05 -1.1284e+00 -9.3340e-02 +4.4424e-01 -7.4076e-01 +2.7260e-01 -2.3770e+00 -2.3840e+00 +2.5455e+00 -4.8102e-01 -2.1685e+00 -2.8905e+00 +5.9404e-01 +2.9546e+00 -7.2749e-01 -1.6613e+00 +2.3605e+00 +7.8890e-02 +1.0092e+00 +1.2615e+00 -1.4946e+00
59 0 +1.030324556e+05 +1.031816056e+05 +1.031816056e+05 -1.2181e+00 -5.7376e-01 +1.3330e-01 -9.0830e-01 +5.0892e-01 -2.4346e+00 -2.7685e+00 +2.2555e+00 -6.1719e-01 -2.1816e+00 -2.7774e+00 +1.0288e+00 +3.0450e+00 -6.4995e-01 -1.6854e+00 +2.3071e+00 +1.9228e-01 +1.1413e+00 +9.2226e-01 -1.1842e+00
61 0 +9.396041926e+04 +9.410956926e+04 +9.410956926e+04 +1.7736e+00 -9.4347e-01 +3.1817e+00 -1.7715e+00 -1.5228e+00 -1.6211e+00 -1.6287e+00 +1.3705e+00 -1.5399e-01 -2.3801e+00 -3.9256e+00 -2.9041e+00 +2.1853e+00 +4.0756e-01 +1.6464e+00 +1.1581e+00 -1.7195e+00 +5.9223e-01 +3.4569e-01 -1.5499e+00
204 0 +6.991994320e+04 +7.006909320e+04 +7.006909320e+04 -3.3159e+00 -4.6197e+00 -1.6679e+00 -1.0167e+00 -4.4282e-01 -1.2770e+00 -1.0139e+00 +2.8732e-01 -2.1111e+00 -2.8405e+00 -6.5356e-01 +1.9737e+00 +2.0476e+00 -8.3488e-01 -1.9496e+00 +2.4561e+00 +1.5443e+00 +1.0336e+00 +9.0113e-01 +3.7290e-01
254 0 +6.860368498e+04 +6.875283498e+04 +6.875283498e+04 -1.4014e+00 -2.3326e+00 -1.4122e+00 -2.4320e-01 +5.1867e-01 -8.8669e-01 -1.7835e+00 -2.7913e+00 -2.3138e+00 -1.2545e+00 -1.4657e+00 -1.9305e+00 -2.2180e+00 -1.5544e+00 -3.3021e+00 +1.3452e-01 +1.3120e+00 +1.0330e+00 +7.6958e-01 +1.5841e+00
255 0 +3.798496778e+04 +3.813411778e+04 +3.813411778e+04 -1.9853e+00 -3.1305e+00 -1.6014e+00 -2.2328e-01 -1.0849e-01 -7.1764e-01 -6.8666e-01 -2.0353e+00 -2.4296e+00 -1.4877e+00 -7.0823e-01 -9.4599e-01 -9.3016e-01 -1.2468e+00 -2.5257e+00 +1.0002e+00 +1.5308e+00 +4.0122e-01 +8.3795e-01 +1.1966e+00
% f evaluations | g evaluations | best noise-free fitness - Fopt (-1.000000000000e+03) + sum g_i+ | measured fitness | best measured fitness or single-digit g-values | x1 | x2...
1 0 +5.104363174e+05 +5.094363174e+05 +5.094363174e+05 -2.8864e+00 +2.1814e+00 +1.3332e+00 +2.7960e+00 -5.5647e-01 -1.8925e+00 -3.9850e+00 -9.7872e-01 +2.3407e-01 +1.4930e-01 +1.8925e+00 -1.5340e-01 -2.3055e+00 +4.1570e+00 -3.2251e-01 +4.3950e-01 +2.4608e+00 -2.5605e+00 -1.4857e+00 -2.1254e+00
2 0 +4.715262048e+05 +4.705262048e+05 +4.705262048e+05 -3.1726e+00 -1.5675e+00 +4.4175e-01 +1.9724e+00 -1.0744e+00 +1.6379e+00 -2.8556e+00 +2.4610e+00 +2.6215e+00 +3.5409e+00 +1.3453e+00 +1.0877e+00 +2.9812e+00 +3.8575e+00 +5.4973e-01 +1.4373e-01 +1.0254e-01 -5.2875e-02 +8.4465e-01 -1.2700e+00
5 0 +4.669776917e+05 +4.659776917e+05 +4.659776917e+05 -2.9603e+00 +1.5581e+00 +1.5418e+00 +2.5966e+00 -2.9597e+00 +2.0556e+00 -3.4516e-01 +9.8292e-02 -1.9045e+00 +3.8105e-01 -1.1454e+00 +1.8209e+00 +1.6386e+00 +3.5492e+00 +2.7030e+00 +3.7299e+00 -2.0284e+00 -1.9380e+00 -1.2950e+00 -7.6753e-01
7 0 +1.876557300e+05 +1.866557300e+05 +1.866557300e+05 -1.4768e+00 -1.8707e+00 +2.6975e+00 -5.7616e-01 -2.3098e+00 +1.6447e+00 -3.8875e+00 -3.3894e+00 +2.7567e+00 -1.0814e+00 +1.0719e+00 +1.7751e+00 -1.1434e+00 +1.2826e+00 -2.0243e+00 -4.6881e+00 -7.3406e-01 +9.0031e-01 -2.1855e+00 +1.1639e+00
103 0 +1.789851676e+05 +1.779851676e+05 +1.779851676e+05 -1.5055e+00 -1.7814e+00 +2.6566e+00 -4.7563e-01 -2.3478e+00 +1.6681e+00 -2.9597e+00 -3.3100e+00 +2.6267e+00 -1.0073e+00 +1.0529e+00 +1.8046e+00 -1.1103e+00 +1.3081e+00 -1.8947e+00 -4.4560e+00 -7.0787e-01 +8.2813e-01 -2.0995e+00 +1.1341e+00
156 0 +1.676783307e+05 +1.666783307e+05 +1.666783307e+05 -7.4045e-01 -1.2970e-01 +2.2953e+00 +1.2861e+00 -2.6049e+00 +1.1681e+00 +3.9652e-01 -1.5163e+00 -1.0523e+00 +1.8841e+00 +1.5387e+00 +1.1397e+00 +2.9423e+00 +1.5871e+00 +1.3636e+00 +3.7030e-01 +3.4413e-01 -5.5039e-02 +4.2025e-01 +1.3920e+00
157 0 +1.601927852e+05 +1.591927852e+05 +1.591927852e+05 -1.4204e+00 -1.5977e+00 +2.6164e+00 -2.7963e-01 -2.3764e+00 +1.6125e+00 -2.5863e+00 -3.1105e+00 +2.2174e+00 -6.8566e-01 +1.1070e+00 +1.7307e+00 -6.5945e-01 +1.3392e+00 -1.5322e+00 -3.9190e+00 -5.9083e-01 +7.2987e-01 -1.8192e+00 +1.1628e+00
206 0 +1.086466762e+05 +1.076466762e+05 +1.076466762e+05 -2.9070e-01 -1.1850e+00 +8.2615e-01 +1.9873e-02 -1.5631e+00 +2.7207e-01 +8.5824e-01 -2.7540e-01 +2.0185e+00 +5.6280e-01 +1.0853e+00 -3.4976e-01 +1.5212e+00 +1.0386e+00 +6.2968e-01 -2.2625e-02 +4.0633e-01 -4.6014e-01 -1.7148e-01 +2.0398e+00
507 0 +1.042668558e+05 +1.032668558e+05 +1.032668558e+05 -2.7219e+00 +1.8197e+00 +1.3282e+00 +2.2936e+00 -1.2173e+00 -1.0692e+00 -3.3856e+00 -1.1202e+00 +1.2788e-01 +4.9912e-01 +1.7883e+00 +4.0277e-01 -2.2101e+00 +3.6615e-01 +8.0655e-02 +6.2547e-01 +2.4072e+00 -2.1938e+00 -8.1141e-01 -9.1294e-01
552 0 +6.937479044e+04 +6.837479044e+04 +6.837479044e+04 -1.7863e+00 +7.0856e-01 +8.7430e-01 +8.0171e-01 -1.1734e+00 -1.1897e+00 -2.8690e+00 -4.0733e-01 +1.3329e+00 +9.9788e-01 +5.2556e-01 -1.1064e+00 -1.0393e+00 +5.2972e-01 -4.5076e-02 +8.4600e-01 +2.0663e+00 -1.9513e-01 +1.8098e-01 -8.7583e-02
% f evaluations | g evaluations | best noise-free fitness - Fopt (9.862000000000e+01) + sum g_i+ | measured fitness | best measured fitness or single-digit g-values | x1 | x2...
1 0 +4.823188946e+05 +4.824175146e+05 +4.824175146e+05 -1.7691e-01 -9.9892e-01 -2.5832e+00 +1.5416e+00 +1.7766e+00 +1.2827e+00 -1.9179e-01 -2.9002e+00 +3.9325e+00 +6.5740e-01 -2.6362e+00 +2.7993e+00 +2.1347e+00 -2.2850e+00 -3.7460e+00 +1.7452e-01 -8.2904e-01 +2.3713e+00 +1.7575e+00 -7.0940e-01
2 0 +1.807871245e+05 +1.808857445e+05 +1.808857445e+05 -8.5908e-01 +2.2318e+00 +3.7880e+00 +1.1334e+00 +1.4258e-01 -7.4289e-01 -1.2750e+00 -1.4825e+00 -1.4253e+00 +1.0126e+00 +1.6107e-01 +6.7500e-01 -2.4322e+00 +1.2656e+00 +5.5614e-01 -7.2486e-01 -6.9277e-01 -2.6211e+00 +9.3573e-01 -7.3656e-01
104 0 +1.687805867e+05 +1.688792067e+05 +1.688792067e+05 +1.6993e-01 +2.4945e+00 +3.7614e+00 +9.5631e-01 +2.7000e-01 -8.6390e-01 -1.9144e+00 -1.0580e+00 -2.1174e+00 +9.8083e-01 +6.9971e-01 +1.0005e+00 -2.1754e+00 +9.6370e-01 +5.8918e-01 -1.1606e+00 -1.0888e+00 -1.8852e+00 +1.4742e+00 +3.3450e-01
258 0 +1.293177946e+05 +1.294164146e+05 +1.294164146e+05 -1.3686e+00 +2.2497e-01 -2.8068e-01 +3.6164e-01 +2.9261e-02 +1.5466e-01 +5.3728e-01 +1.7666e-01 -1.9037e+00 +1.7796e+00 +2.6834e+00 +5.9432e-01 +1.0386e+00 +1.3106e+00 -5.5885e-02 -1.7112e+00 -1.8001e-02 +5.0224e-01 -4.6112e-01 +1.6508e-02
% f evaluations | g evaluations | best noise-free fitness - Fopt (-4.715000000000e+01) + sum g_i+ | measured fitness | best measured fitness or single-digit g-values | x1 | x2...
1 0 +5.485832837e+05 +5.485361337e+05 +5.485361337e+05 +2.5088e+00 +4.5939e+00 -3.0281e+00 +1.4659e+00 -2.7715e+00 +4.3854e+00 +5.2613e-02 -2.7722e+00 +3.0933e+00 -1.5257e+00 -6.4334e-01 -9.0918e-01 +1.6317e+00 +1.1116e+00 -2.2491e+00 -2.8463e+00 +3.7044e+00 +3.4380e-01 +5.1347e-01 +8.3022e-01
4 0 +2.311394618e+05 +2.310923118e+05 +2.310923118e+05 +2.0489e+00 +3.6299e+00 +2.1333e+00 +9.3323e-01 +2.4253e+00 +2.6312e+00 -1.0389e-01 -3.0897e+00 -1.3192e+00 -1.7508e+00 -3.4714e+00 +1.2338e+00 +9.6115e-01 -1.1104e+00 -8.1202e-01 +1.2291e+00 +9.4408e-01 -2.1996e+00 -6.0892e-01 +1.4189e+00
52 0 +2.072323893e+05 +2.071852393e+05 +2.071852393e+05 -1.5002e+00 +2.7802e+00 +1.8057e+00 -3.3535e-01 +8.2034e-01 +3.0146e+00 +2.5424e+00 -2.5359e+00 -2.7084e+00 -2.5435e+00 -2.4439e+00 +2.5106e-01 -3.0957e-02 -1.8931e+00 -8.1266e-01 +1.4110e+00 +1.2854e+00 -1.8438e+00 +2.6613e+00 -1.9694e+00
102 0 +1.386718092e+05 +1.386246592e+05 +1.386246592e+05 +1.0852e+00 -2.3500e+00 +2.7865e+00 -5.6269e-01 -2.5063e+00 -3.5774e+00 -1.0300e+00 -1.1180e+00 +3.8989e-01 +5.5504e-01 +2.0365e+00 -4.0278e+00 +3.0629e+00 -1.4751e+00 +1.2288e+00 -1.8193e+00 -4.0117e+00 +1.1608e-01 -9.8143e-01 -1.1637e+00
152 0 +7.734302429e+04 +7.729587429e+04 +7.729587429e+04 +1.4939e+00 -3.5631e-01 +1.1171e+00 +1.9745e-02 -2.5824e+00 -1.2911e+00 -7.1920e-01 -1.5930e+00 +1.1661e+00 -4.2379e-02 +1.2670e+00 -3.1324e+00 +2.6520e+00 -7.3239e-01 +2.3022e-01 -2.1142e+00 -1.7963e+00 +1.8146e-01 -5.5222e-01 -5.9124e-01
206 0 +6.912192586e+04 +6.907477586e+04 +6.907477586e+04 +1.3033e+00 -1.9691e-01 +1.0761e+00 -2.2750e-02 -2.4027e+00 -1.2073e+00 -8.8007e-01 -1.4276e+00 +1.0413e+00 -5.3995e-02 +1.1318e+00 -2.9010e+00 +2.3403e+00 -8.1464e-01 +1.7915e-01 -1.9690e+00 -1.7017e+00 +9.9565e-02 -4.4828e-01 -5.8800e-01
% f evaluations | g evaluations | best noise-free fitness - Fopt (3.752000000000e+01) + sum g_i+ | measured fitness | best measured fitness or single-digit g-values | x1 | x2...
1 0 +4.636758442e+05 +4.637133642e+05 +4.637133642e+05 +6.9298e-01 +2.9077e+00 -3.6217e+00 +2.7578e+00 +7.6839e-02 +4.5104e+00 +5.3076e-01 -1.4755e+00 -3.3127e-02 -1.1815e+00 -1.5000e+00 -2.5767e+00 -3.9851e-01 +2.9583e+00 -1.8058e+00 +5.3333e-01 -7.2664e-01 +1.0034e-01 +2.8846e+00 -2.3391e+00
2 0 +3.751944122e+05 +3.752319322e+05 +3.752319322e+05 +6.4461e-01 +1.8097e+00 +6.4803e-01 +2.3831e+00 -1.1188e+00 -1.6506e+00 +3.3626e+00 -3.1925e+00 -2.0053e+00 -4.4490e+00 -1.7419e+00 +5.3275e-01 +8.2307e-01 +1.6147e+00 +1.4097e-02 -5.0106e-01 -3.1431e+00 -1.5316e-01 +3.3704e+00 +2.3008e+00
3 0 +2.752321294e+05 +2.752696494e+05 +2.752696494e+05 +3.2071e+00 -3.1110e+00 +4.2549e+00 +3.1626e+00 +3.9900e+00 -3.4985e+00 +1.9091e-01 +1.1680e+00 -4.0833e+00 -1.9858e+00 +3.1607e+00 -2.4032e+00 -7.2042e-02 -2.0154e+00 -9.5795e-01 +1.1802e+00 -7.3382e-02 -8.8140e-01 +1.2815e+00 +9.5666e-01
7 0 +1.720552414e+05 +1.720927614e+05 +1.720927614e+05 +6.4335e-01 +5.6269e-01 +1.3076e+00 -2.3215e+00 +2.7569e+00 +3.6325e+00 -8.9183e-02 -3.3387e-01 -4.1330e+00 -1.7956e+00 +1.2160e+00 +4.2795e-01 +4.9465e-01 -1.5954e+00 -3.5896e+00 +1.0598e+00 +3.8325e-01 -6.5765e-01 +1.5642e+00 -8.9970e-01
158 0 +1.672569645e+05 +1.672944845e+05 +1.672944845e+05 -1.3370e+00 -9.9693e-01 -3.3062e+00 -3.3594e+00 +1.8141e+00 +4.1806e+00 -2.4702e+00 -9.4252e-01 -1.4779e+00 -3.7200e+00 +1.3222e+00 +1.3762e+00 +1.4067e+00 +1.8477e+00 -2.9178e+00 -3.4709e+00 -3.3219e+00 -2.8286e+00 -1.8152e+00 +1.0531e+00
204 0 +1.651899898e+05 +1.652275098e+05 +1.652275098e+05 -3.1152e+00 +8.3176e-01 +8.1171e-01 -1.0999e+00 -2.2401e+00 +1.0392e+00 -1.5543e+00 +3.1358e-01 -8.9411e-02 -1.7931e+00 -2.6226e+00 +1.2779e+00 +2.2356e+00 +5.8895e-01 -5.5413e-01 +1.2671e-01 +1.8228e+00 -8.8231e-01 -3.4933e+00 -1.0772e+00
205 0 +1.218125394e+05 +1.218500594e+05 +1.218500594e+05 -2.6778e+00 -6.3364e-01 +1.2806e+00 +8.3164e-01 -2.4790e+00 +1.3059e+00 -1.7843e-01 +7.3672e-01 +1.8594e-01 -1.8079e+00 -9.0191e-01 +4.3523e-01 +2.0371e+00 -6.3635e-01 +1.2003e-01 +1.1530e+00 -1.2477e-01 -4.2440e-02 -3.1517e+00 +1.5631e-02
208 0 +1.038760210e+05 +1.039135410e+05 +1.039135410e+05 -1.4238e+00 +6.7209e-01 +4.1169e-01 +1.9938e-02 -1.2708e+00 +8.9584e-02 -2.3750e-01 -6.2654e-01 -1.3404e-01 -2.2305e+00 -2.3165e+00 +5.6256e-01 +1.1363e+00 +9.2569e-01 -1.9251e-01 +6.7857e-01 +8.2663e-01 -1.9033e-03 -1.8992e+00 -7.0545e-01
358 0 +7.572689913e+04 +7.576441913e+04 +7.576441913e+04 -3.4810e-01 -7.7801e-01 -2.1013e+00 -1.9977e+00 +1.9291e+00 +2.9047e+00 -1.9774e+00 -7.6570e-01 -1.5901e+00 -3.0875e+00 +2.0462e+00 +4.1762e-01 +8.8327e-01 +1.0860e+00 -2.6363e+00 -2.6163e+00 -3.1893e+00 -2.1475e+00 -1.0577e+00 +1.1970e+00
359 0 +6.895599186e+04 +6.899351186e+04 +6.899351186e+04 +1.6637e+00 -1.6631e+00 +1.8092e+00 +1.4975e+00 +1.3576e+00 -1.1607e+00 -8.7092e-01 -2.3061e-01 -1.5695e+00 -1.0188e+00 +2.5382e+00 -1.8386e+00 -2.1607e-01 -8.2927e-01 -1.5522e+00 +1.2694e-01 -1.1478e+00 -1.7811e-01 +4.0887e-01 +7.8487e-01
556 0 +4.921088976e+04 +4.924840976e+04 +4.924840976e+04 -1.8506e+00 -5.2624e-01 -1.3456e+00 -1.4121e+00 -2.3107e-04 +3.0099e+00 -1.3722e+00 -1.7913e-01 -7.6898e-01 -2.9245e+00 +5.7344e-01 +8.9660e-01 +1.6489e+00 +6.8520e-01 -1.5816e+00 -1.4370e+00 -2.1568e+00 -1.5801e+00 -1.3765e+00 +7.3395e-01
557 0 +4.367199961e+04 +4.370951961e+04 +4.370951961e+04 -1.9596e+00 -5.4039e-01 -9.9952e-01 -1.1165e+00 -3.2684e-01 +2.7854e+00 -1.2149e+00 -5.8449e-02 -6.4315e-01 -2.7774e+00 +3.7904e-01 +8.3580e-01 +1.7000e+00 +5.1106e-01 -1.3573e+00 -1.0957e+00 -1.8793e+00 -1.3775e+00 -1.3381e+00 +6.3930e-01
% f evaluations | g evaluations | best noise-free fitness - Fopt (6.740000000000e+00) + sum g_i+ | measured fitness | best measured fitness or single-digit g-values | x1 | x2...
1 0 +4.074401913e+05 +4.074469313e+05 +4.074469313e+05 -1.9716e+00 +3.3369e+00 -8.4891e-01 +3.0887e+00 -3.8378e-01 -4.5067e+00 +2.7350e+00 -4.6901e+00 +6.2479e-01 +7.5427e-01 +2.4951e-01 +1.4050e+00 -3.6807e-01 -2.5084e+00 +1.5022e-01 -2.3702e-01 +2.9544e+00 -2.4014e-01 +8.0660e-01 -3.1665e+00
6 0 +1.068599562e+05 +1.068666962e+05 +1.068666962e+05 +5.0962e-01 +2.2957e+00 -1.0422e+00 -4.5902e-01 +2.4456e-01 +1.7677e+00 +7.5784e-01 +2.8524e+00 -1.3724e+00 -2.3681e-01 +7.7636e-01 +1.7991e+00 +1.2840e-01 +4.3674e-01 -3.5401e-01 -1.5721e+00 +8.6833e-01 +2.3259e+00 -1.4024e+00 +2.0607e-01
9 0 +9.396125443e+04 +9.396799443e+04 +9.396799443e+04 -2.7663e+00 +1.0219e+00 -3.8930e+00 +2.1122e+00 -1.7547e+00 -5.1490e-01 -1.9938e+00 +2.9519e+00 -6.2896e-01 -3.3376e+00 +2.3730e-01 -2.4630e+00 +2.0935e+00 -1.2706e+00 -1.0431e+00 +1.6069e+00 +3.8818e-02 -2.3647e+00 +2.9709e+00 -8.4092e-02
52 0 +6.580393747e+04 +6.581067747e+04 +6.581067747e+04 -2.4044e+00 +5.0639e-02 -4.1521e+00 +1.4293e+00 -2.4470e+00 -2.1543e-01 -5.1422e-01 +2.7106e+00 -4.3413e-01 -3.3883e+00 -5.3760e-01 -1.5702e+00 +2.0765e+00 +3.7658e-01 +2.8834e-01 +1.2268e-01 +3.4764e-01 -1.9343e+00 +2.8715e+00 +9.7530e-01
664 0 +6.124322621e+04 +6.124996621e+04 +6.124996621e+04 -1.5050e+00 +9.2453e-01 -1.3226e+00 +2.7127e+00 -8.5715e-01 -1.2934e+00 +4.2674e-01 +1.5221e+00 +1.1768e+00 -3.9083e-01 -1.7238e+00 -7.0310e-01 +2.8715e-01 +1.3032e+00 +5.9111e-01 -8.1138e-01 +5.0483e-01 +9.4978e-01 +1.4099e+00 -3.1569e-01
% f evaluations | g evaluations | best noise-free fitness - Fopt (-1.897900000000e+02) + sum g_i+ | measured fitness | best measured fitness or single-digit g-values | x1 | x2...
1 0 +5.513946761e+05 +5.512048861e+05 +5.512048861e+05 -4.1121e+00 -3.8932e+00 -4.3929e+00 +4.2665e+00 -1.1446e+00 +4.9900e+00 +1.4419e-01 +1.2044e-01 +1.4869e+00 -1.5590e+00 +2.9161e+00 -2.8584e+00 -9.8063e-01 +2.4206e+00 +2.1502e+00 +9.7905e-02 -5.0824e-02 +3.1630e+00 +8.4032e-01 +2.9626e+00
2 0 +2.383152075e+05 +2.381254175e+05 +2.381254175e+05 -2.5357e+00 -1.8384e+00 -4.1135e+00 +3.7351e+00 -5.1220e-01 +2.4681e+00 +3.9376e-01 -4.3018e-01 +2.1764e-01 -3.4044e-01 +1.3995e+00 -5.4138e-01 -8.5766e-01 +1.0140e-02 +2.5840e+00 -1.3722e+00 +2.2200e-02 +2.7869e+00 -4.0987e-01 +8.5967e-01
3 0 +1.752416309e+05 +1.750518409e+05 +1.750518409e+05 -1.4021e+00 -3.6075e-01 -3.9126e+00 +3.3529e+00 -5.7448e-02 +6.5464e-01 +5.7324e-01 -8.2614e-01 -6.9511e-01 +5.3585e-01 +3.0889e-01 +1.1248e+00 -7.6923e-01 -1.7233e+00 +2.8960e+00 -2.4294e+00 +7.4713e-02 +2.5165e+00 -1.3089e+00 -6.5257e-01
6 0 +1.271698005e+05 +1.269800105e+05 +1.269800105e+05 -2.2545e+00 -2.0046e+00 -2.3503e+00 +2.1943e+00 +1.6878e-01 -8.7159e-01 -1.0358e+00 +1.1618e+00 +1.8566e+00 -2.8427e-01 +3.3826e-01 +1.8165e-01 -2.0592e+00 +3.2844e+00 -1.3663e+00 -1.3094e+00 +1.2623e+00 +4.4782e-01 +2.6052e+00 +8.2012e-01
102 0 +5.508084862e+04 +5.489105862e+04 +5.489105862e+04 -1.7005e+00 +2.0782e+00 -5.8798e-01 +6.3828e-01 -5.8744e-01 +2.3897e+00 -1.3531e+00 +1.0765e+00 -6.6826e-01 +1.5687e+00 +2.0257e+00 +3.4162e-04 -1.1911e+00 -1.8550e+00 +2.2191e+00 -1.4181e+00 -3.8974e-01 +2.3086e+00 +8.2481e-01 -6.5553e-01
103 0 +5.199793363e+04 +5.180814363e+04 +5.180814363e+04 -1.6872e+00 +1.9124e+00 -8.0441e-01 +8.1615e-01 -5.5553e-01 +2.2869e+00 -1.2293e+00 +9.5537e-01 -6.6515e-01 +1.4971e+00 +1.9203e+00 +6.4330e-02 -1.1642e+00 -1.8372e+00 +2.2613e+00 -1.4780e+00 -3.5994e-01 +2.3235e+00 +6.9137e-01 -6.4731e-01
157 0 +4.902869018e+04 +4.883890018e+04 +4.883890018e+04 -1.7775e+00 +9.9227e-01 -1.1981e+00 +1.2928e+00 -2.8197e-01 +1.8677e+00 -1.0689e+00 +6.9046e-01 -5.9836e-02 +8.6681e-01 +1.8915e+00 +4.2885e-02 -1.1401e+00 -9.1617e-01 +1.5713e+00 -1.3857e+00 -3.3517e-02 +2.1004e+00 +8.0248e-01 -3.6192e-01
306 0 +4.590539287e+04 +4.571560287e+04 +4.571560287e+04 -1.3326e+00 +6.8702e-01 -1.2624e+00 +6.6784e-01 +1.2576e-01 +1.3683e+00 -7.3372e-01 +5.8562e-01 +1.6760e-01 +3.3938e-01 +1.7608e+00 -4.2478e-01 -6.2596e-01 -8.1934e-01 +1.2240e+00 -8.4476e-01 -2.6585e-01 +1.8516e+00 +9.2331e-01 +6.8427e-02
% f evaluations | g evaluations | best noise-free fitness - Fopt (-2.774000000000e+01) + sum g_i+ | measured fitness | best measured fitness or single-digit g-values | x1 | x2...
1 0 +4.746178605e+05 +4.745901205e+05 +4.745901205e+05 +3.2454e+00 +2.2871e+00 +2.3055e+00 -2.6726e+00 -3.2813e+00 +2.1553e+00 +4.2200e+00 +1.1128e+00 +2.2047e+00 -1.9622e+00 -1.0498e+00 +4.2990e+00 -1.1256e+00 +1.2032e+00 +1.9185e+00 -1.6553e+00 +1.2691e+00 +1.9880e+00 +2.5701e+00 +3.1097e+00
5 0 +2.539857650e+05 +2.539580250e+05 +2.539580250e+05 +2.3389e+00 +7.2929e-01 +8.8021e-01 -2.4117e+00 -4.2310e-01 +1.4681e-01 -4.1392e+00 +2.8747e+00 -1.1634e+00 -4.0566e+00 -1.8121e+00 +3.0660e+00 +4.9809e-01 -1.9222e+00 -3.1774e-01 -3.5651e+00 +1.2074e+00 -9.4372e-01 +1.9626e+00 -6.7684e-01
6 0 +2.249812088e+05 +2.249534688e+05 +2.249534688e+05 +2.8958e+00 +1.4471e+00 -3.4493e+00 -6.0285e-01 +4.0686e+00 -1.6545e+00 -2.9942e+00 -4.1921e-01 +1.0980e+00 -7.7854e-01 +2.3109e+00 +3.0577e+00 -1.9744e+00 -2.4507e+00 -1.1399e-01 -1.3512e+00 +2.1293e-02 +1.9886e-01 +3.0912e-01 -3.4244e+00
7 0 +1.931088208e+05 +1.930810808e+05 +1.930810808e+05 -1.9401e+00 -3.0705e+00 -2.3680e+00 +3.5492e-01 +3.6294e+00 +2.0804e+00 -1.3011e-02 +2.3135e+00 -7.4766e-01 +3.5035e+00 +2.0103e+00 +1.4780e+00 +2.6677e-01 +5.7129e-01 -3.7241e-01 +1.2128e+00 +3.6665e+00 -1.1055e+00 +2.7697e+00 +4.9444e-02
10 0 +1.894900483e+05 +1.894623083e+05 +1.894623083e+05 -3.3658e+00 -1.9701e+00 -1.9940e+00 -3.2697e+00 -2.6117e+00 -3.0297e+00 +1.3403e+00 +4.2561e-01 -4.2692e+00 -1.8126e+00 -3.8933e+00 +3.2103e+00 +4.9130e-01 +4.6332e+00 +1.0989e+00 +3.5084e+00 -4.5850e+00 -2.8077e+00 -4.5831e+00 +1.5306e-01
22 0 +1.792356153e+05 +1.792078753e+05 +1.792078753e+05 -1.3640e-01 -1.6049e+00 +2.2066e+00 +1.1001e+00 -3.5059e+00 +3.0910e+00 -4.6792e+00 -8.7522e-01 -4.1043e+00 -1.1290e+00 -9.8274e-01 +5.3063e-01 -1.2926e+00 +3.3974e+00 +6.4070e-01 +4.7049e+00 +2.1404e+00 -2.5941e+00 +3.9390e+00 -1.9973e+00
52 0 +4.288252030e+04 +4.285478030e+04 +4.285478030e+04 -2.7774e+00 -2.4243e+00 -2.1484e+00 -1.7738e+00 -3.5899e-02 -9.2073e-01 +7.8175e-01 +1.2048e+00 -2.8158e+00 +3.8137e-01 -1.4568e+00 +2.4954e+00 +3.9864e-01 +2.9568e+00 +4.9168e-01 +2.5610e+00 -1.1795e+00 -2.1052e+00 -1.5485e+00 +1.1030e-01
654 0 +2.001424285e+04 +1.998650285e+04 +1.998650285e+04 -1.1131e+00 -5.8495e-01 -8.1928e-01 -2.1043e+00 -2.2361e-01 +6.4720e-01 +1.0244e+00 -6.1998e-02 -1.3576e+00 +1.4133e-01 -4.0883e-01 +1.0511e+00 -1.1981e+00 +1.2948e+00 +5.2024e-01 +9.5705e-01 -7.0674e-02 -1.1545e+00 -7.1581e-01 +1.1786e-01
655 0 +1.944747962e+04 +1.941973962e+04 +1.941973962e+04 -1.2192e+00 -6.9263e-01 -8.8873e-01 -2.1310e+00 -3.3039e-01 +4.6293e-01 +1.0636e+00 +3.9087e-02 -1.4840e+00 +6.4020e-02 -5.4016e-01 +1.2430e+00 -1.0550e+00 +1.4923e+00 +5.5578e-01 +1.0926e+00 -2.5869e-01 -1.2182e+00 -8.4203e-01 +1.4610e-01
% f evaluations | g evaluations | best noise-free fitness - Fopt (6.930000000000e+00) + sum g_i+ | measured fitness | best measured fitness or single-digit g-values | x1 | x2...
1 0 +3.615723464e+05 +3.615792764e+05 +3.615792764e+05 -2.7814e+00 -1.7542e+00 +3.5893e+00 +4.1177e+00 +2.8089e-01 -1.7060e+00 -1.7088e-01 +8.7340e-01 +1.9188e+00 +1.5952e+00 -1.0871e+00 -8.7480e-01 -1.4599e+00 +3.6952e+00 -1.9957e+00 +5.2270e-01 -3.4061e+00 -3.1697e-01 -2.7966e+00 -7.0060e-01
2 0 +2.503609794e+05 +2.503679094e+05 +2.503679094e+05 +3.6647e+00 +1.8464e+00 +7.3540e-01 +1.2871e-01 +1.3809e+00 -2.7660e-01 -2.9230e+00 -4.1528e+00 +1.3404e+00 -2.9743e+00 -4.5357e+00 +4.0266e+00 -3.9323e+00 +9.7924e-01 -1.7740e+00 +1.0090e+00 +1.8434e+00 +1.5128e+00 +2.2971e+00 +1.3152e+00
8 0 +2.322229355e+05 +2.322298655e+05 +2.322298655e+05 -2.0661e+00 -1.3377e+00 +2.9248e+00 +3.4714e+00 +7.6242e-01 -8.4642e-01 -3.1273e-01 +1.1461e+00 +1.5804e+00 +9.8465e-01 -3.8672e-01 -8.4742e-01 -1.2871e+00 +2.9144e+00 -1.2841e+00 +5.8281e-02 -3.3011e+00 -9.4901e-02 -2.0906e+00 -6.5026e-01
9 0 +1.762727336e+05 +1.762796636e+05 +1.762796636e+05 +1.8719e+00 +9.5549e-01 -7.3388e-01 -8.6736e-02 +3.4134e+00 +3.8857e+00 -1.0936e+00 +2.6475e+00 -2.8305e-01 -2.3768e+00 +3.4693e+00 -6.9671e-01 -3.3615e-01 -1.3842e+00 +2.6333e+00 -2.4985e+00 -2.7228e+00 +1.1276e+00 +1.7962e+00 -3.7314e-01
111 0 +1.711225926e+05 +1.711295226e+05 +1.711295226e+05 +1.8719e+00 +9.5549e-01 -7.3388e-01 -8.6736e-02 +3.4134e+00 +3.8857e+00 -1.0936e+00 +2.6475e+00 -2.8305e-01 -2.3768e+00 +3.4693e+00 -6.9671e-01 -3.3615e-01 -1.3842e+00 +2.6333e+00 -1.5687e+00 -2.7228e+00 +1.1276e+00 +1.7962e+00 -3.7314e-01
253 0 +1.531334191e+05 +1.531403491e+05 +1.531403491e+05 -2.5603e+00 -1.9936e+00 +3.7332e+00 +1.0505e+00 -1.0747e-01 -2.8518e-01 +1.1162e-01 +2.7323e+00 +1.0147e+00 +9.6079e-01 +9.2496e-01 -1.2644e+00 -7.3411e-01 +7.0651e-01 -8.7753e-01 -9.1125e-01 +1.9769e-01 +1.1946e-01 -1.2410e+00 +2.0796e-02
1812 0 +1.413629116e+05 +1.413698416e+05 +1.413698416e+05 -2.5272e+00 -1.1095e+00 +3.2783e+00 +1.8814e+00 +1.3392e-01 -1.7590e+00 +4.0728e-02 +1.1269e+00 +1.3260e+00 +1.4058e+00 -8.7112e-01 -6.6337e-01 -1.3764e+00 +3.1485e+00 -1.4434e+00 +6.7179e-01 -2.9697e+00 -3.0188e-01 -1.6223e-01 -5.5359e-01
% f evaluations | g evaluations | best noise-free fitness - Fopt (-4.456000000000e+01) + sum g_i+ | measured fitness | best measured fitness or single-digit g-values | x1 | x2...
1 0 +3.116417192e+05 +3.115971592e+05 +3.115971592e+05 +1.2741e+00 +1.3629e+00 -1.4218e+00 -4.3568e+00 +5.0267e-01 +1.1760e-01 +4.2756e+00 -3.9767e-01 +2.3553e+00 -1.2374e+00 +4.5171e-01 +2.2436e+00 +8.4004e-01 -1.9048e+00 -2.1374e+00 -3.4719e+00 -1.7062e+00 +1.4778e+00 +1.4732e+00 -6.7254e-02
4 0 +2.139799824e+05 +2.139354224e+05 +2.139354224e+05 -8.1000e-01 -2.4973e+00 +1.3626e-01 +3.4988e+00 +2.2063e+00 -2.4072e-01 +6.1090e-01 +1.1232e+00 -1.3305e+00 -1.3235e-01 -2.0764e+00 -2.3655e+00 -5.2538e-01 +8.6791e-01 +4.0642e+00 -7.9962e-01 +3.1974e+00 +2.6337e+00 -2.5457e+00 +6.4275e-01
52 0 +1.556048717e+05 +1.555603117e+05 +1.555603117e+05 -1.9265e+00 -2.1170e+00 -1.9148e+00 +2.9126e+00 -3.1057e-01 -2.6313e+00 -1.9981e+00 -3.3998e-01 -1.7791e+00 -2.8200e+00 -1.1308e+00 -3.8794e-01 -1.6833e+00 +1.2753e+00 +2.0312e+00 +1.9813e-01 +3.8719e+00 +7.9893e-01 -2.7450e+00 +4.5860e-01
54 0 +1.423958946e+05 +1.423513346e+05 +1.423513346e+05 +1.8198e+00 -2.4238e-01 -1.4027e+00 -8.3096e-01 +2.3413e+00 +8.4991e-02 +3.2418e+00 -1.0603e-02 +3.7623e-01 -1.5663e+00 -2.3126e-01 +1.4429e+00 -1.3707e+00 -1.0979e+00 +5.9460e-01 -2.5028e+00 +1.0814e+00 +2.0783e+00 -3.3663e-01 -1.1629e+00
55 0 +1.057291688e+05 +1.056846088e+05 +1.056846088e+05 +1.7252e-01 -1.6548e+00 -4.3873e-01 +1.8812e+00 +2.2567e+00 -1.1903e-01 +1.5938e+00 +6.9957e-01 -6.9283e-01 -6.6809e-01 -1.3871e+00 -9.4267e-01 -8.4121e-01 +1.3346e-01 +2.7679e+00 -1.4359e+00 +2.4068e+00 +2.4262e+00 -1.7204e+00 -3.1875e-02
102 0 +4.532161335e+04 +4.527705335e+04 +4.527705335e+04 +7.2928e-01 -1.3903e-01 -9.5105e-01 +4.6754e-01 -9.5244e-01 -4.8902e-01 -3.8005e-01 +1.6028e+00 -1.3632e+00 -9.9341e-01 -1.8459e+00 +1.8631e-02 +9.6223e-01 +7.5703e-01 -2.3446e-01 -1.8552e-01 +3.3997e+00 -1.2372e+00 -2.6970e+00 +2.1321e+00
157 0 +4.277732403e+04 +4.273276403e+04 +4.273276403e+04 +1.0381e+00 -1.4985e-01 -1.0854e+00 +4.0837e-01 -5.0754e-01 -4.2457e-01 -1.2691e-02 +1.4348e+00 -1.2952e+00 -9.2208e-01 -1.6592e+00 +3.0622e-01 +5.1456e-01 +5.5451e-01 -1.3945e-01 -3.9340e-01 +3.3331e+00 -9.4979e-01 -2.5306e+00 +1.6477e+00
204 0 +3.462252519e+04 +3.457796519e+04 +3.457796519e+04 +1.8466e+00 -3.4655e-01 -5.8684e-01 -2.1868e-01 -8.7771e-01 +6.4370e-01 +2.5689e+00 +2.2391e+00 -1.4362e+00 -5.6943e-01 +4.7868e-02 +8.3202e-01 +2.1178e+00 +1.1829e+00 -9.4078e-01 -2.0954e+00 +7.4414e-01 -1.4641e+00 -2.1615e+00 +2.5448e+00
% f evaluations | g evaluations | best noise-free fitness - Fopt (1.000000000000e+03) + sum g_i+ | measured fitness | best measured fitness or single-digit g-values | x1 | x2...
1 0 +4.715181705e+05 +4.725181705e+05 +4.725181705e+05 -1.0614e+00 +2.2088e+00 -2.3300e+00 -1.0412e+00 -3.9355e+00 -2.3835e+00 +3.8625e+00 -3.1851e-01 +1.2880e-01 +4.4222e+00 +2.0742e+00 -2.9786e-01 -2.9886e+00 -3.8309e+00 +8.5340e-01 +8.4377e-01 +1.0617e+00 +1.1189e+00 -8.4219e-01 +2.2402e+00
2 0 +2.698388023e+05 +2.708388023e+05 +2.708388023e+05 +9.2526e-01 -4.2987e+00 +1.1521e+00 -2.8977e+00 -1.0459e-01 +1.3253e+00 +2.6273e+00 +1.4986e+00 +2.3830e+00 -3.2151e-01 +1.2408e+00 +2.1738e+00 -8.1041e-01 -6.4302e-01 -2.6752e+00 -1.8881e+00 -2.9222e+00 -2.1131e+00 -3.2945e+00 +2.3314e+00
4 0 +1.687848415e+05 +1.697848415e+05 +1.697848415e+05 -9.3225e-01 -1.1342e+00 +3.9719e-03 -2.0212e-01 -1.7865e+00 +3.5593e+00 -3.1049e+00 -2.0625e+00 -2.7306e-01 -1.4301e+00 -2.3132e+00 -2.8618e+00 -2.8688e+00 -1.6843e+00 -1.7010e+00 -2.0376e+00 +8.3977e-01 +1.5413e+00 -2.3169e+00 -3.0468e-01
54 0 +1.128430758e+05 +1.138430758e+05 +1.138430758e+05 +1.9258e-01 +1.0092e+00 -8.3552e-01 -1.2432e+00 -1.8042e+00 -8.0841e-01 +1.0166e+00 -1.1135e+00 -4.1139e-01 +2.0202e+00 +7.8323e-01 -1.1300e-01 -2.6739e+00 -2.2266e+00 +3.3359e-01 +8.4109e-02 +2.7544e-01 +4.5740e-01 -1.7716e+00 +1.3472e+00
55 0 +9.075945801e+04 +9.175945801e+04 +9.175945801e+04 +1.1500e+00 +9.3165e-02 +3.0556e-01 -1.3974e+00 -1.7692e-01 +3.9425e-01 -1.1564e+00 -1.7205e+00 -8.2383e-01 +1.8615e-01 -2.0249e-01 +2.8145e-02 -2.4336e+00 -1.0017e+00 -6.3293e-02 -4.9591e-01 -3.2492e-01 -4.7640e-02 -2.4813e+00 +6.6546e-01
613 0 +8.478570068e+04 +8.578570068e+04 +8.578570068e+04 +2.6627e-01 +9.9777e-03 -2.7848e-01 -1.1529e+00 -1.4603e+00 -1.0106e-01 +1.0033e+00 -6.8724e-01 +1.8800e-01 +1.2293e+00 +1.2937e+00 +1.1780e+00 -3.5233e-01 -1.9117e+00 -1.3868e-01 +2.5784e-01 -1.2484e+00 +9.0200e-02 -1.6296e+00 +1.2649e+00
1211 0 +7.380820947e+04 +7.480820947e+04 +7.480820947e+04 -5.2399e-01 +1.6725e+00 -1.4788e+00 -7.3702e-01 -2.8372e+00 -1.4667e+00 +2.7352e+00 -5.4509e-01 -1.5145e-01 +7.5550e-02 +1.6877e+00 +1.7940e-01 -1.7259e+00 -2.8410e+00 +5.2366e-01 +5.8546e-01 +2.9724e-01 +7.8595e-01 -9.9946e-01 +1.7430e+00
% f evaluations | g evaluations | best noise-free fitness - Fopt (-6.797100000000e+02) + sum g_i+ | measured fitness | best measured fitness or single-digit g-values | x1 | x2...
1 0 +2.761747917e+05 +2.754950817e+05 +2.754950817e+05 -4.7895e+00 +2.5805e+00 -3.8965e+00 -2.2257e+00 +1.7807e+00 +1.8976e+00 +2.9754e+00 +2.7262e+00 -5.9694e-01 -2.4653e+00 +6.6032e-01 -2.1480e-02 -9.3200e-03 +1.2133e+00 +6.1653e-03 -4.2272e+00 +8.6728e-01 -3.5992e+00 +1.0506e+00 -2.0004e+00
2 0 +8.376076630e+04 +8.308105630e+04 +8.308105630e+04 -4.8694e-02 -2.0460e+00 -2.7193e+00 +1.8268e+00 -2.1639e+00 +3.7288e+00 +2.6601e+00 +3.0977e+00 -3.0706e+00 +6.4687e-01 -1.4118e+00 -1.3545e+00 +2.2695e+00 +4.8122e-01 -7.6418e-01 +9.1887e-01 -7.2113e-01 +2.0026e+00 +1.1972e-01 +7.2892e-01
3 0 +5.886677568e+04 +5.818706568e+04 +5.818706568e+04 -2.4514e+00 +2.9876e-01 -3.3159e+00 -2.2708e-01 -1.6476e-01 +2.8007e+00 +2.8199e+00 +2.9094e+00 -1.8169e+00 -9.3040e-01 -3.6163e-01 -6.7893e-01 +1.1146e+00 +8.5223e-01 -3.7376e-01 -1.6892e+00 +8.3891e-02 -8.3645e-01 +5.9150e-01 -6.5432e-01
52 0 +4.871171543e+04 +4.803200543e+04 +4.803200543e+04 -1.9367e+00 -2.0176e-02 -2.8067e+00 -6.4849e-01 -1.2067e-01 +2.4500e+00 +1.9027e+00 +2.1184e+00 -7.6320e-01 -1.2101e+00 +1.3213e-01 +7.3193e-02 +4.1462e-01 +2.0813e-01 -5.4576e-01 -1.5808e+00 +8.1442e-01 -1.0273e+00 +2.2517e-01 -8.3700e-02
263 0 +4.748920754e+04 +4.680949754e+04 +4.680949754e+04 -7.9253e-01 -1.3230e+00 -2.7411e+00 +1.2186e+00 -1.5450e+00 +3.1794e+00 +2.5316e+00 +3.0195e+00 -2.4422e+00 +2.0998e-01 -5.6358e-01 -1.2499e+00 +1.9990e+00 +6.8057e-01 -8.3870e-02 +2.0239e-01 -4.4335e-01 +1.2246e+00 +2.3944e-01 +3.1122e-01
304 0 +4.147114857e+04 +4.079143857e+04 +4.079143857e+04 -9.8162e-01 -1.1196e+00 -2.5815e+00 +1.1001e+00 -1.5182e+00 +3.0316e+00 +2.5541e+00 +2.9676e+00 -2.2503e+00 +3.0376e-01 -3.4497e-01 -9.4305e-01 +1.9711e+00 +6.6903e-01 -8.3871e-02 +1.9998e-01 -5.7076e-01 +9.6928e-01 +4.0600e-02 +1.7379e-01
356 0 +3.711336471e+04 +3.643365471e+04 +3.643365471e+04 -1.3959e+00 -7.1708e-01 -2.7246e+00 +7.3832e-01 -1.1593e+00 +2.9082e+00 +2.5999e+00 +2.9413e+00 -2.0704e+00 +2.5163e-03 -2.3560e-01 -8.4280e-01 +1.7556e+00 +7.2824e-01 -7.4076e-02 -2.8165e-01 -4.1432e-01 +4.7227e-01 +1.5048e-01 -6.2732e-02
% f evaluations | g evaluations | best noise-free fitness - Fopt (1.000000000000e+03) + sum g_i+ | measured fitness | best measured fitness or single-digit g-values | x1 | x2...
1 0 +3.281273453e+05 +3.291273453e+05 +3.291273453e+05 +3.1440e+00 +2.7802e+00 +3.8916e+00 +4.4692e+00 -1.0808e+00 -2.0462e+00 +1.1168e+00 -6.0287e-01 -2.5472e+00 +1.2883e+00 +1.1534e+00 -2.2435e+00 -3.1372e+00 -1.8909e+00 -8.8638e-01 -2.2482e+00 +8.4793e-01 +9.8925e-01 -4.1779e+00 -8.6730e-01
2 0 +1.365498746e+05 +1.375498746e+05 +1.375498746e+05 -1.5901e+00 -2.8189e+00 -7.0441e-01 +1.2023e+00 +2.9824e+00 +1.1748e-01 +5.1141e-01 -2.0447e+00 +5.9878e-01 -2.0929e+00 +2.0771e+00 +1.9381e-01 -2.3341e+00 -2.1711e+00 +1.0212e-03 +1.9662e+00 -1.2142e+00 +1.7759e+00 -1.3536e+00 -2.3760e+00
3 0 +1.342529052e+05 +1.352529052e+05 +1.352529052e+05 -1.6058e+00 -2.8830e+00 -2.6727e-01 +1.4747e+00 +2.9703e+00 +2.2376e-01 +2.0079e-01 -1.9213e+00 +6.1050e-01 -1.9886e+00 +1.9593e+00 -1.6745e-01 -2.4833e+00 -2.4588e+00 -2.7108e-01 +2.0589e+00 -1.3448e+00 +1.3727e+00 -1.4812e+00 -2.4181e+00
4 0 +4.137657756e+04 +4.237657756e+04 +4.237657756e+04 +6.2671e-02 +4.5241e-01 +7.6235e-02 -3.9731e-01 +7.9144e-01 +6.3875e-01 -8.8088e-01 -2.6863e+00 -7.0115e-01 +1.8955e+00 -1.2353e+00 -7.1053e-01 +1.0656e+00 +1.5672e-01 -3.1339e+00 +2.8821e-02 +1.0129e+00 -1.6661e+00 +1.5158e+00 +2.3124e+00
54 0 +3.117411165e+04 +3.217411165e+04 +3.217411165e+04 -2.3093e-01 -1.2873e-01 -6.2442e-02 -1.1315e-01 +1.1807e+00 +5.4615e-01 -6.3355e-01 -2.5723e+00 -4.7022e-01 +1.1870e+00 -6.4686e-01 -5.4988e-01 +4.6163e-01 -2.5681e-01 -2.5770e+00 +3.7299e-01 +6.1728e-01 -1.0546e+00 +1.0061e+00 +1.4795e+00
354 0 +2.944899022e+04 +3.044899022e+04 +3.044899022e+04 -2.7802e-01 -7.4907e-02 +5.7708e-01 +2.1062e+00 -1.0358e+00 -1.0418e+00 -2.3221e-01 -1.6910e+00 -2.4791e+00 +1.7931e-01 +7.1082e-01 -1.1388e-01 +2.8444e-01 -3.3572e-01 -1.6601e+00 -5.4599e-01 -3.4308e-01 +7.0259e-01 +1.0585e+00 +2.5339e+00
% f evaluations | g evaluations | best noise-free fitness - Fopt (1.007000000000e+01) + sum g_i+ | measured fitness | best measured fitness or single-digit g-values | x1 | x2...
1 0 +3.181313038e+05 +3.181413738e+05 +3.181413738e+05 +4.0867e+00 +2.7266e+00 +3.1171e+00 +1.3118e+00 +8.2266e-01 -1.2091e+00 +2.5562e+00 -1.0129e+00 -5.7363e-01 -1.7444e+00 -2.3834e-01 -3.5401e+00 -3.7458e+00 +3.6129e+00 +1.7809e+00 +3.5603e+00 -1.2734e+00 -1.0395e+00 +3.0199e-01 -2.9157e+00
3 0 +2.150134132e+05 +2.150234832e+05 +2.150234832e+05 +3.3394e+00 +2.4277e+00 +2.2206e+00 +1.3600e+00 +1.2504e+00 -1.1507e+00 +1.6613e+00 -1.1360e+00 +1.5194e-01 -1.3646e+00 -2.1098e-01 -3.4604e+00 -3.1130e+00 +3.6996e+00 +1.2944e+00 +2.6162e+00 -1.1232e+00 -5.1194e-01 +2.4072e-01 -2.9721e+00
5 0 +1.548478508e+05 +1.548579208e+05 +1.548579208e+05 -2.9317e+00 -2.2521e+00 +2.1123e+00 +8.0745e-01 +7.3884e-01 +2.6806e+00 +1.3707e+00 +1.9864e+00 +5.1378e-01 -8.9231e-02 -6.3285e-01 -9.3776e-01 -8.0602e-01 -8.6181e-01 +3.2267e+00 -2.1590e+00 -2.7095e+00 -2.8096e+00 -1.3675e+00 -1.6575e+00
12 0 +1.376982466e+05 +1.377083166e+05 +1.377083166e+05 -4.2716e+00 -4.5790e+00 -4.3662e+00 -3.9567e+00 +1.0577e+00 -2.5871e+00 -4.2249e+00 +3.8335e+00 -3.0097e+00 -4.5554e+00 -4.3493e+00 +4.8784e-01 +6.1397e-01 +2.3502e+00 +1.6052e-01 +2.2429e-01 -4.9021e-01 +3.3235e+00 -2.1669e+00 +1.1906e+00
104 0 +1.213144399e+05 +1.213245099e+05 +1.213245099e+05 -2.4813e+00 -1.7071e+00 +1.3950e+00 +9.4498e-01 +1.1625e+00 +2.0776e+00 +6.9914e-01 +1.3585e+00 +1.0372e+00 +4.1962e-03 -5.3423e-01 -1.2982e+00 -6.8548e-01 -2.7451e-02 +2.5090e+00 -2.1154e+00 -2.3233e+00 -1.9878e+00 -1.1415e+00 -1.9257e+00
202 0 +9.651906689e+04 +9.652913689e+04 +9.652913689e+04 +2.4334e+00 +1.4161e+00 +2.2829e+00 +1.2363e+00 +1.0499e+00 -2.5736e+00 +3.6428e+00 +2.4071e+00 -2.8687e+00 +8.0059e-01 -2.5369e+00 +3.4494e-01 -8.3846e-01 +1.9417e+00 +1.7399e+00 -1.5405e+00 +9.8084e-01 -2.9121e+00 -3.5596e+00 -1.8232e+00
205 0 +7.998778328e+04 +7.999785328e+04 +7.999785328e+04 +1.6592e+00 +1.4630e+00 +1.0117e+00 +1.5342e+00 +1.7686e+00 -1.2140e+00 +1.0599e+00 -1.4069e-01 +2.5049e-01 -6.6704e-02 -1.0167e+00 -2.1572e+00 -1.4525e+00 +3.1861e+00 +8.5663e-01 -3.1742e-01 -2.8617e-01 -5.7177e-01 -9.7502e-01 -2.6102e+00
304 0 +7.721663053e+04 +7.722670053e+04 +7.722670053e+04 +2.6185e+00 +1.4685e+00 +1.6171e+00 +1.8979e+00 +1.1594e+00 -2.2872e+00 +3.0048e+00 +9.4013e-01 -2.4101e+00 +4.1989e-02 -2.5510e+00 -2.2088e-02 -6.8973e-03 +8.6982e-01 +9.6991e-01 -1.4642e+00 +4.8923e-01 -1.8793e+00 -2.7677e+00 -1.0032e+00
458 0 +4.454642535e+04 +4.455649535e+04 +4.455649535e+04 +6.4787e-01 +4.8695e-01 +1.6230e+00 -5.0210e-01 +3.7547e-01 -5.7762e-01 +2.4878e+00 +9.8886e-01 -5.1184e-02 +3.5737e-01 -1.2659e+00 +3.1602e-01 +1.0355e+00 -1.5026e-01 +1.6363e+00 -9.5630e-01 +8.9524e-01 -2.4424e+00 -3.2463e+00 -9.4080e-01
% f evaluations | g evaluations | best noise-free fitness - Fopt (-7.540000000000e+00) + sum g_i+ | measured fitness | best measured fitness or single-digit g-values | x1 | x2...
1 0 +6.479352842e+05 +6.479277442e+05 +6.479277442e+05 -4.2762e+00 -3.4676e+00 +2.3135e+00 +3.1862e+00 +2.1142e+00 -1.5048e+00 +4.7007e+00 -1.1771e+00 +1.6083e+00 +2.4793e-01 -4.5746e+00 +1.6588e-01 -3.3945e+00 +1.4541e+00 +2.3625e+00 +2.0540e+00 +5.1149e-01 -9.7339e-01 -9.7009e-01 +1.3454e+00
2 0 +7.690743956e+04 +7.689989956e+04 +7.689989956e+04 +1.3290e+00 -7.8012e-01 +4.5459e-01 -5.1409e-01 +3.4079e-02 -2.1903e+00 -1.0198e+00 +1.1143e+00 +1.4641e+00 -2.2816e+00 +5.0689e-01 +1.5065e+00 +3.5684e+00 +4.5109e-01 +3.5217e+00 -1.6906e+00 +1.1253e+00 -9.9768e-01 -4.1958e+00 -4.5453e-01
3 0 +5.386932726e+04 +5.386178726e+04 +5.386178726e+04 +2.3839e+00 -1.0189e+00 +2.7526e+00 -2.1317e+00 +7.0694e-01 -5.9776e-02 -2.3336e-01 -1.5387e-01 +3.0505e+00 -2.4570e+00 -1.5928e+00 -1.5127e+00 +1.8057e+00 -1.6726e+00 +2.2993e+00 -1.7390e+00 +3.6699e-01 -1.1392e+00 -4.1874e+00 +1.2108e+00
